Cr 29
1.0762647665e+00 -3.0702957878e-01 -1.5138844999e-16 1.3815009701e-16 2.2593753340e-16 1.6288160379e-01 1.2104691598e-16 3.2399409297e-16 -9.4832416869e-16 -1.6055238856e-02 -6.0932724898e-15 -1.1085034831e-14 2.2621820992e-14 -1.0902954991e-02 -8.8115756123e-15 -1.8230772437e-14 2.7619005100e-14 -1.7006047008e-02 -1.7203510619e-02 -1.7743670414e-02 -2.8857638521e-04 4.9672628089e-04 9.4310689567e-04 2.4169733642e-04 1.8416389403e-04 2.6689789858e-05 -8.4432075671e-05 1.4462106432e-04 2.7482542180e-04
-3.0702957878e-01 1.2494416767e+00 2.6560140521e-15 -9.2423433636e-16 -8.5790854135e-16 -2.8285801330e-01 -1.1676804552e-15 1.0325008242e-17 2.0103170305e-15 7.2229245550e-02 2.2908939751e-14 3.9864040407e-14 -8.0397504171e-14 3.4394781808e-02 3.3365143529e-14 6.5918974979e-14 -1.0136657585e-13 -4.3239708351e-02 -4.2453636245e-02 -4.0303409973e-02 1.1486206924e-03 -1.9774446170e-03 -3.7543379875e-03 -2.0241886243e-02 -2.0016927188e-02 -1.9401252007e-02 3.3001322301e-04 -5.6551996507e-04 -1.0745622721e-03
-1.5138844999e-16 2.6560140521e-15 1.1203277998e+00 -3.4440281447e-05 5.9315258505e-05 1.5112163808e-15 -3.6418714228e-01 1.0471312833e-04 -1.8034223650e-04 3.0448183671e-14 -2.4995226069e-02 -2.6641714731e-04 4.5884455138e-04 1.0396335576e-14 1.1238040149e-02 1.2855521753e-04 -2.2143069756e-04 -8.4818145653e-14 -1.0709208276e-14 9.0633845734e-14 -1.6004244622e-13 2.3386146197e-13 -4.3890839303e-14 -7.8626797531e-14 -3.6260717454e-15 7.2808527999e-14 -1.5501944165e-13 2.4226010543e-13 -3.1680207782e-14
1.3815009701e-16 -9.2423433636e-16 -3.4440281447e-05 1.1202806436e+00 1.1261125951e-04 1.1399246132e-14 1.0471312634e-04 -3.6404376826e-01 -3.4238405449e-04 7.9481205190e-14 -2.6641709059e-04 -2.5360011295e-02 8.7112410170e-04 4.4136800677e-15 1.2855519448e-04 1.1414076236e-02 -4.2038040863e-04 -7.7394566827e-15 -1.2565167232e-13 1.2907813701e-13 -7.5071249850e-14 -3.2953307880e-14 1.2527174358e-13 -6.8917252460e-15 -1.2930067141e-13 9.9455578876e-14 -7.1187938424e-14 -2.1626033230e-14 1.6065194802e-13
2.2593753340e-16 -8.5790854135e-16 5.9315258505e-05 1.1261125951e-04 1.1201516458e+00 7.0147269221e-15 -1.8034222900e-04 -3.4238404676e-04 -3.6365156208e-01 -1.1973554666e-13 4.5884433769e-04 8.7112388184e-04 -2.6357894165e-02 -1.9800675972e-14 -2.2143061080e-04 -4.2038031944e-04 1.1895618272e-02 -2.1498615181e-14 -7.3980927767e-14 9.1861850211e-14 -8.8169897662e-14 7.4955712461e-14 8.9546914946e-14 -2.3779500847e-14 -5.9824516207e-14 1.2698980886e-13 -7.4206114312e-14 3.0451624386e-14 2.5874022350e-14
1.6288160379e-01 -2.8285801330e-01 1.5112163808e-15 1.1399246132e-14 7.0147269221e-15 7.9209636634e-01 2.3180868126e-14 3.8115559786e-14 -7.1496004071e-14 -1.4320438627e-01 -6.0993846118e-14 -1.0799592525e-13 2.1219098896e-13 -1.0934083639e-01 -8.3973731122e-14 -1.6630155558e-13 2.5873224208e-13 4.9157587003e-02 4.7344369026e-02 4.2384441033e-02 -2.6494819155e-03 4.5613289583e-03 8.6600725050e-03 1.4266361838e-02 1.4088483049e-02 1.3600734987e-02 -2.6417120359e-04 4.4617112076e-04 8.5006005272e-04
1.2104691598e-16 -1.1676804552e-15 -3.6418714228e-01 1.0471312634e-04 -1.8034222900e-04 2.3180868126e-14 1.1035649753e+00 -3.1613485771e-04 5.4445849681e-04 -1.0896539446e-13 4.8140504563e-02 7.4143580720e-04 -1.2769422288e-03 -2.4220030625e-14 -1.9913428547e-02 -3.5917622894e-04 6.1866552468e-04 2.5882295419e-13 2.8353604683e-14 -3.0016854177e-13 4.9321973575e-13 -7.1850495226e-13 1.4813495624e-13 2.7275586082e-13 1.1280525923e-14 -2.5118452146e-13 5.3381886084e-13 -8.3468122512e-13 1.1474388711e-13
3.2399409297e-16 1.0325008242e-17 1.0471312833e-04 -3.6404376826e-01 -3.4238404676e-04 3.8115559786e-14 -3.1613485771e-04 1.1031321243e+00 1.0336693981e-03 -2.1512768835e-13 7.4143564995e-04 4.9155686430e-02 -2.4243028002e-03 -3.4194997300e-14 -3.5917616409e-04 -2.0405263912e-02 1.1745202395e-03 2.7993155770e-14 3.7724023112e-13 -4.3016282210e-13 2.2523950672e-13 1.1328613389e-13 -3.5943423464e-13 4.8952800293e-16 4.3108031138e-13 -3.6322629072e-13 2.4305152017e-13 7.9752472165e-14 -5.4869582661e-13
-9.4832416869e-16 2.0103170305e-15 -1.8034223650e-04 -3.4238405449e-04 -3.6365156208e-01 -7.1496004071e-14 5.4445849681e-04 1.0336693981e-03 1.1019480387e+00 3.7560291776e-13 -1.2769416364e-03 -2.4243021908e-03 5.1932758873e-02 6.7547572888e-14 6.1866528063e-04 1.1745199886e-03 -2.1750666307e-02 6.4453232301e-14 2.3290118594e-13 -2.5450054844e-13 2.9099266689e-13 -2.5911530558e-13 -3.2722171696e-13 8.7872136980e-14 2.1817726566e-13 -4.2305300699e-13 2.5807620397e-13 -1.1043618219e-13 -1.0111688738e-13
-1.6055238856e-02 7.2229245550e-02 3.0448183671e-14 7.9481205190e-14 -1.1973554666e-13 -1.4320438627e-01 -1.0896539446e-13 -2.1512768835e-13 3.7560291776e-13 3.9666152164e-01 1.8718079581e-13 3.3555442078e-13 -6.2908429565e-13 2.7948656577e-01 2.0242666796e-13 4.0213505940e-13 -6.3760799095e-13 -9.4478577748e-03 -9.1403268089e-03 -8.2955909960e-03 4.5768246836e-04 -7.7076506536e-04 -1.4701008767e-03 -6.8867795706e-04 -1.9525255494e-03 -5.4042935924e-03 -1.8325723512e-03 3.1840536187e-03 6.0341673363e-03
-6.0932724898e-15 2.2908939751e-14 -2.4995226069e-02 -2.6641709059e-04 4.5884433769e-04 -6.0993846118e-14 4.8140504563e-02 7.4143564995e-04 -1.2769416364e-03 1.8718079581e-13 2.1850265835e-03 6.9314039770e-05 -1.1938796150e-04 1.3451812908e-13 -9.1216871392e-04 -3.1242447036e-05 5.3816128640e-05 -1.0195067200e-12 -7.3326687882e-14 1.0813614824e-12 -1.9650577313e-12 2.9952186112e-12 -5.0856439906e-13 -1.0661176242e-12 -7.4500858342e-14 1.1391165150e-12 -2.0629021090e-12 3.1420317946e-12 -5.3231920122e-13
-1.1085034831e-14 3.9864040407e-14 -2.6641714731e-04 -2.5360011295e-02 8.7112388184e-04 -1.0799592525e-13 7.4143580720e-04 4.9155686430e-02 -2.4243021908e-03 3.3555442078e-13 6.9314039770e-05 2.2799397345e-03 -2.2665626698e-04 2.4239540054e-13 -3.1242449806e-05 -9.5495193595e-04 1.0216768716e-04 -4.1915719525e-14 -1.5404913101e-12 1.5621213564e-12 -8.7592417777e-13 -3.6142986007e-13 1.7380412575e-12 -3.8202273835e-14 -1.6096295932e-12 1.6458493459e-12 -9.2097343319e-13 -3.7806616731e-13 1.8226743577e-12
2.2621820992e-14 -8.0397504171e-14 4.5884455138e-04 8.7112410170e-04 -2.6357894165e-02 2.1219098896e-13 -1.2769422288e-03 -2.4243028002e-03 5.1932758873e-02 -6.2908429565e-13 -1.1938796150e-04 -2.2665626698e-04 2.5395741622e-03 -4.5319329522e-13 5.3816139163e-05 1.0216769807e-04 -1.0719835949e-03 -3.2036338249e-13 -8.9710213963e-13 1.2573958170e-12 -1.1114774699e-12 7.0681131873e-13 8.4618690660e-13 -3.4897179091e-13 -9.5406051749e-13 1.3081128046e-12 -1.1650867442e-12 7.4312181069e-13 8.8760643437e-13
-1.0902954991e-02 3.4394781808e-02 1.0396335576e-14 4.4136800677e-15 -1.9800675972e-14 -1.0934083639e-01 -2.4220030625e-14 -3.4194997300e-14 6.7547572888e-14 2.7948656577e-01 1.3451812908e-13 2.4239540054e-13 -4.5319329522e-13 1.9735467734e-01 1.4180584196e-13 2.8137265233e-13 -4.4595617988e-13 -6.6770438747e-03 -6.4437750601e-03 -5.8029279745e-03 3.4658986512e-04 -5.8475022357e-04 -1.1151069806e-03 -3.7431394450e-04 -1.2617596809e-03 -3.6851923201e-03 -1.2868532188e-03 2.2358415234e-03 4.2369712441e-03
-8.8115756123e-15 3.3365143529e-14 1.1238040149e-02 1.2855519448e-04 -2.2143061080e-04 -8.3973731122e-14 -1.9913428547e-02 -3.5917616409e-04 6.1866528063e-04 2.0242666796e-13 -9.1216871392e-04 -3.1242449806e-05 5.3816139163e-05 1.4180584196e-13 3.8158284736e-04 1.4006212793e-05 -2.4127523883e-05 -6.1641032380e-15 7.4166113717e-15 -1.6110825676e-14 5.5440167536e-15 5.0602828905e-15 -1.6337547110e-14 -1.3109758472e-15 1.2386344349e-14 -1.6135449645e-14 4.3892662757e-15 8.7920743365e-15 -1.2302141387e-14
-1.8230772437e-14 6.5918974979e-14 1.2855521753e-04 1.1414076236e-02 -4.2038031944e-04 -1.6630155558e-13 -3.5917622894e-04 -2.0405263912e-02 1.1745199886e-03 4.0213505940e-13 -3.1242447036e-05 -9.5495193595e-04 1.0216769807e-04 2.8137265233e-13 1.4006212793e-05 4.0076377008e-04 -4.5804537900e-05 -4.7479201206e-15 -1.2611487447e-14 -1.1995893500e-14 1.0683648771e-14 -2.0346731652e-14 3.3183070984e-15 5.6383986509e-15 -5.3643064205e-15 -1.0411820589e-14 8.7086667582e-15 -1.6336941316e-14 1.4566982718e-14
2.7619005100e-14 -1.0136657585e-13 -2.2143069756e-04 -4.2038040863e-04 1.1895618272e-02 2.5873224208e-13 6.1866552468e-04 1.1745202395e-03 -2.1750666307e-02 -6.3760799095e-13 5.3816128640e-05 1.0216768716e-04 -1.0719835949e-03 -4.4595617988e-13 -2.4127523883e-05 -4.5804537900e-05 4.5323172240e-04 2.1584777078e-14 1.8370385391e-14 5.4586867659e-15 9.7021981048e-15 -1.0720686237e-14 4.6424088011e-15 6.4904904483e-15 6.6774777474e-15 2.6712482696e-15 1.4889162950e-14 -2.0966445974e-14 -1.2326406264e-14
-1.7006047008e-02 -4.3239708351e-02 -8.4818145653e-14 -7.7394566827e-15 -2.1498615181e-14 4.9157587003e-02 2.5882295419e-13 2.7993155770e-14 6.4453232301e-14 -9.4478577748e-03 -1.0195067200e-12 -4.1915719525e-14 -3.2036338249e-13 -6.6770438747e-03 -6.1641032380e-15 -4.7479201206e-15 2.1584777078e-14 2.9489442482e-02 -1.6449646762e-03 -1.4306465302e-02 4.3582958628e-02 -7.5162072616e-02 2.2093515425e-02 2.7435830487e-02 -5.1291370032e-03 -1.8112566543e-02 4.5904649892e-02 -7.9166052427e-02 2.2654732575e-02
-1.7203510619e-02 -4.2453636245e-02 -1.0709208276e-14 -1.2565167232e-13 -7.3980927767e-14 4.7344369026e-02 2.8353604683e-14 3.7724023112e-13 2.3290118594e-13 -9.1403268089e-03 -7.3326687882e-14 -1.5404913101e-12 -8.9710213963e-13 -6.4437750601e-03 7.4166113717e-15 -1.2611487447e-14 1.8370385391e-14 -1.6449646762e-03 7.7516471681e-02 -6.2680905077e-02 2.6495912007e-02 4.1124119646e-02 -8.6712404423e-02 -5.1481383019e-03 7.8042194273e-02 -6.8805103064e-02 2.7965550354e-02 4.2889991309e-02 -9.1522114949e-02
-1.7743670414e-02 -4.0303409973e-02 9.0633845734e-14 1.2907813701e-13 9.1861850211e-14 4.2384441033e-02 -3.0016854177e-13 -4.3016282210e-13 -2.5450054844e-13 -8.2955909960e-03 1.0813614824e-12 1.5621213564e-12 1.2573958170e-12 -5.8029279745e-03 -1.6110825676e-14 -1.1995893500e-14 5.4586867659e-15 -1.4306465302e-02 -6.2680905077e-02 8.9227639485e-02 -7.0586463246e-02 3.4911904967e-02 6.6278152042e-02 -1.8183493763e-02 -6.8857049172e-02 9.0841631446e-02 -7.3941331619e-02 3.6397062657e-02 6.9097634452e-02
-2.8857638521e-04 1.1486206924e-03 -1.6004244622e-13 -7.5071249850e-14 -8.8169897662e-14 -2.6494819155e-03 4.9321973575e-13 2.2523950672e-13 2.9099266689e-13 4.5768246836e-04 -1.9650577313e-12 -8.7592417777e-13 -1.1114774699e-12 3.4658986512e-04 5.5440167536e-15 1.0683648771e-14 9.7021981048e-15 4.3582958628e-02 2.6495912007e-02 -7.0586463246e-02 9.7129285125e-02 -1.2175996049e-01 -5.1891554424e-03 4.5877222104e-02 2.7938085403e-02 -7.3968914239e-02 1.0193215828e-01 -1.2777684539e-01 -5.4188965647e-03
4.9672628089e-04 -1.9774446170e-03 2.3386146197e-13 -3.2953307880e-14 7.4955712461e-14 4.5613289583e-03 -7.1850495226e-13 1.1328613389e-13 -2.5911530558e-13 -7.7076506536e-04 2.9952186112e-12 -3.6142986007e-13 7.0681131873e-13 -5.8475022357e-04 5.0602828905e-15 -2.0346731652e-14 -1.0720686237e-14 -7.5162072616e-02 4.1124119646e-02 3.4911904967e-02 -1.2175996049e-01 2.3653117634e-01 -9.0482893746e-02 -7.9118176583e-02 4.2937870030e-02 3.6444855530e-02 -1.2777693201e-01 2.4822282844e-01 -9.5011568679e-02
9.4310689567e-04 -3.7543379875e-03 -4.3890839303e-14 1.2527174358e-13 8.9546914946e-14 8.6600725050e-03 1.4813495624e-13 -3.5943423464e-13 -3.2722171696e-13 -1.4701008767e-03 -5.0856439906e-13 1.7380412575e-12 8.4618690660e-13 -1.1151069806e-03 -1.6337547110e-14 3.3183070984e-15 4.6424088011e-15 2.2093515425e-02 -8.6712404423e-02 6.6278152042e-02 -5.1891554424e-03 -9.0482893746e-02 1.1252899685e-01 2.2745456982e-02 -9.1431399229e-02 6.9188305577e-02 -5.4190599607e-03 -9.5011643696e-02 1.1801403748e-01
2.4169733642e-04 -2.0241886243e-02 -7.8626797531e-14 -6.8917252460e-15 -2.3779500847e-14 1.4266361838e-02 2.7275586082e-13 4.8952800293e-16 8.7872136980e-14 -6.8867795706e-04 -1.0661176242e-12 -3.8202273835e-14 -3.4897179091e-13 -3.7431394450e-04 -1.3109758472e-15 5.6383986509e-15 6.4904904483e-15 2.7435830487e-02 -5.1481383019e-03 -1.8183493763e-02 4.5877222104e-02 -7.9118176583e-02 2.2745456982e-02 2.7806415589e-02 -6.3672934299e-03 -1.9982053526e-02 4.8185101461e-02 -8.3098241401e-02 2.3756265329e-02
1.8416389403e-04 -2.0016927188e-02 -3.6260717454e-15 -1.2930067141e-13 -5.9824516207e-14 1.4088483049e-02 1.1280525923e-14 4.3108031138e-13 2.1817726566e-13 -1.9525255494e-03 -7.4500858342e-14 -1.6096295932e-12 -9.5406051749e-13 -1.2617596809e-03 1.2386344349e-14 -5.3643064205e-15 6.6774777474e-15 -5.1291370032e-03 7.8042194273e-02 -6.8857049172e-02 2.7938085403e-02 4.2937870030e-02 -9.1431399229e-02 -6.3672934299e-03 8.0952154250e-02 -7.3146132862e-02 2.9363331302e-02 4.4993391293e-02 -9.6095638257e-02
2.6689789858e-05 -1.9401252007e-02 7.2808527999e-14 9.9455578876e-14 1.2698980886e-13 1.3600734987e-02 -2.5118452146e-13 -3.6322629072e-13 -4.2305300699e-13 -5.4042935924e-03 1.1391165150e-12 1.6458493459e-12 1.3081128046e-12 -3.6851923201e-03 -1.6135449645e-14 -1.0411820589e-14 2.6712482696e-15 -1.8112566543e-02 -6.8805103064e-02 9.0841631446e-02 -7.3968914239e-02 3.6444855530e-02 6.9188305577e-02 -1.9982053526e-02 -7.3146132862e-02 9.4516509437e-02 -7.7575371575e-02 3.8150893847e-02 7.2427040442e-02
-8.4432075671e-05 3.3001322301e-04 -1.5501944165e-13 -7.1187938424e-14 -7.4206114312e-14 -2.6417120359e-04 5.3381886084e-13 2.4305152017e-13 2.5807620397e-13 -1.8325723512e-03 -2.0629021090e-12 -9.2097343319e-13 -1.1650867442e-12 -1.2868532188e-03 4.3892662757e-15 8.7086667582e-15 1.4889162950e-14 4.5904649892e-02 2.7965550354e-02 -7.3941331619e-02 1.0193215828e-01 -1.2777693201e-01 -5.4190599607e-03 4.8185101461e-02 2.9363331302e-02 -7.7575371575e-02 1.0698988652e-01 -1.3412111550e-01 -5.7157030643e-03
1.4462106432e-04 -5.6551996507e-04 2.4226010543e-13 -2.1626033230e-14 3.0451624386e-14 4.4617112076e-04 -8.3468122512e-13 7.9752472165e-14 -1.1043618219e-13 3.1840536187e-03 3.1420317946e-12 -3.7806616731e-13 7.4312181069e-13 2.2358415234e-03 8.7920743365e-15 -1.6336941316e-14 -2.0966445974e-14 -7.9166052427e-02 4.2889991309e-02 3.6397062657e-02 -1.2777684539e-01 2.4822282844e-01 -9.5011643696e-02 -8.3098241401e-02 4.4993391293e-02 3.8150893847e-02 -1.3412111550e-01 2.6054411125e-01 -9.9668811674e-02
2.7482542180e-04 -1.0745622721e-03 -3.1680207782e-14 1.6065194802e-13 2.5874022350e-14 8.5006005272e-04 1.1474388711e-13 -5.4869582661e-13 -1.0111688738e-13 6.0341673363e-03 -5.3231920122e-13 1.8226743577e-12 8.8760643437e-13 4.2369712441e-03 -1.2302141387e-14 1.4566982718e-14 -1.2326406264e-14 2.2654732575e-02 -9.1522114949e-02 6.9097634452e-02 -5.4188965647e-03 -9.5011568679e-02 1.1801403748e-01 2.3756265329e-02 -9.6095638257e-02 7.2427040442e-02 -5.7157030643e-03 -9.9668811674e-02 1.2395262030e-01
1.0762647665e+00 -3.0702957878e-01 -1.5138844999e-16 1.3815009701e-16 2.2593753340e-16 1.6288160379e-01 1.2104691598e-16 3.2399409297e-16 -9.4832416869e-16 -1.6055238856e-02 -6.0932724898e-15 -1.1085034831e-14 2.2621820992e-14 -1.0902954991e-02 -8.8115756123e-15 -1.8230772437e-14 2.7619005100e-14 -1.7006047008e-02 -1.7203510619e-02 -1.7743670414e-02 -2.8857638521e-04 4.9672628089e-04 9.4310689567e-04 2.4169733642e-04 1.8416389403e-04 2.6689789858e-05 -8.4432075671e-05 1.4462106432e-04 2.7482542180e-04
-3.0702957878e-01 1.2494416767e+00 2.6560140521e-15 -9.2423433636e-16 -8.5790854135e-16 -2.8285801330e-01 -1.1676804552e-15 1.0325008242e-17 2.0103170305e-15 7.2229245550e-02 2.2908939751e-14 3.9864040407e-14 -8.0397504171e-14 3.4394781808e-02 3.3365143529e-14 6.5918974979e-14 -1.0136657585e-13 -4.3239708351e-02 -4.2453636245e-02 -4.0303409973e-02 1.1486206924e-03 -1.9774446170e-03 -3.7543379875e-03 -2.0241886243e-02 -2.0016927188e-02 -1.9401252007e-02 3.3001322301e-04 -5.6551996507e-04 -1.0745622721e-03
-1.5138844999e-16 2.6560140521e-15 1.1203277998e+00 -3.4440281447e-05 5.9315258505e-05 1.5112163808e-15 -3.6418714228e-01 1.0471312833e-04 -1.8034223650e-04 3.0448183671e-14 -2.4995226069e-02 -2.6641714731e-04 4.5884455138e-04 1.0396335576e-14 1.1238040149e-02 1.2855521753e-04 -2.2143069756e-04 -8.4818145653e-14 -1.0709208276e-14 9.0633845734e-14 -1.6004244622e-13 2.3386146197e-13 -4.3890839303e-14 -7.8626797531e-14 -3.6260717454e-15 7.2808527999e-14 -1.5501944165e-13 2.4226010543e-13 -3.1680207782e-14
1.3815009701e-16 -9.2423433636e-16 -3.4440281447e-05 1.1202806436e+00 1.1261125951e-04 1.1399246132e-14 1.0471312634e-04 -3.6404376826e-01 -3.4238405449e-04 7.9481205190e-14 -2.6641709059e-04 -2.5360011295e-02 8.7112410170e-04 4.4136800677e-15 1.2855519448e-04 1.1414076236e-02 -4.2038040863e-04 -7.7394566827e-15 -1.2565167232e-13 1.2907813701e-13 -7.5071249850e-14 -3.2953307880e-14 1.2527174358e-13 -6.8917252460e-15 -1.2930067141e-13 9.9455578876e-14 -7.1187938424e-14 -2.1626033230e-14 1.6065194802e-13
2.2593753340e-16 -8.5790854135e-16 5.9315258505e-05 1.1261125951e-04 1.1201516458e+00 7.0147269221e-15 -1.8034222900e-04 -3.4238404676e-04 -3.6365156208e-01 -1.1973554666e-13 4.5884433769e-04 8.7112388184e-04 -2.6357894165e-02 -1.9800675972e-14 -2.2143061080e-04 -4.2038031944e-04 1.1895618272e-02 -2.1498615181e-14 -7.3980927767e-14 9.1861850211e-14 -8.8169897662e-14 7.4955712461e-14 8.9546914946e-14 -2.3779500847e-14 -5.9824516207e-14 1.2698980886e-13 -7.4206114312e-14 3.0451624386e-14 2.5874022350e-14
1.6288160379e-01 -2.8285801330e-01 1.5112163808e-15 1.1399246132e-14 7.0147269221e-15 7.9209636634e-01 2.3180868126e-14 3.8115559786e-14 -7.1496004071e-14 -1.4320438627e-01 -6.0993846118e-14 -1.0799592525e-13 2.1219098896e-13 -1.0934083639e-01 -8.3973731122e-14 -1.6630155558e-13 2.5873224208e-13 4.9157587003e-02 4.7344369026e-02 4.2384441033e-02 -2.6494819155e-03 4.5613289583e-03 8.6600725050e-03 1.4266361838e-02 1.4088483049e-02 1.3600734987e-02 -2.6417120359e-04 4.4617112076e-04 8.5006005272e-04
1.2104691598e-16 -1.1676804552e-15 -3.6418714228e-01 1.0471312634e-04 -1.8034222900e-04 2.3180868126e-14 1.1035649753e+00 -3.1613485771e-04 5.4445849681e-04 -1.0896539446e-13 4.8140504563e-02 7.4143580720e-04 -1.2769422288e-03 -2.4220030625e-14 -1.9913428547e-02 -3.5917622894e-04 6.1866552468e-04 2.5882295419e-13 2.8353604683e-14 -3.0016854177e-13 4.9321973575e-13 -7.1850495226e-13 1.4813495624e-13 2.7275586082e-13 1.1280525923e-14 -2.5118452146e-13 5.3381886084e-13 -8.3468122512e-13 1.1474388711e-13
3.2399409297e-16 1.0325008242e-17 1.0471312833e-04 -3.6404376826e-01 -3.4238404676e-04 3.8115559786e-14 -3.1613485771e-04 1.1031321243e+00 1.0336693981e-03 -2.1512768835e-13 7.4143564995e-04 4.9155686430e-02 -2.4243028002e-03 -3.4194997300e-14 -3.5917616409e-04 -2.0405263912e-02 1.1745202395e-03 2.7993155770e-14 3.7724023112e-13 -4.3016282210e-13 2.2523950672e-13 1.1328613389e-13 -3.5943423464e-13 4.8952800293e-16 4.3108031138e-13 -3.6322629072e-13 2.4305152017e-13 7.9752472165e-14 -5.4869582661e-13
-9.4832416869e-16 2.0103170305e-15 -1.8034223650e-04 -3.4238405449e-04 -3.6365156208e-01 -7.1496004071e-14 5.4445849681e-04 1.0336693981e-03 1.1019480387e+00 3.7560291776e-13 -1.2769416364e-03 -2.4243021908e-03 5.1932758873e-02 6.7547572888e-14 6.1866528063e-04 1.1745199886e-03 -2.1750666307e-02 6.4453232301e-14 2.3290118594e-13 -2.5450054844e-13 2.9099266689e-13 -2.5911530558e-13 -3.2722171696e-13 8.7872136980e-14 2.1817726566e-13 -4.2305300699e-13 2.5807620397e-13 -1.1043618219e-13 -1.0111688738e-13
-1.6055238856e-02 7.2229245550e-02 3.0448183671e-14 7.9481205190e-14 -1.1973554666e-13 -1.4320438627e-01 -1.0896539446e-13 -2.1512768835e-13 3.7560291776e-13 3.9666152164e-01 1.8718079581e-13 3.3555442078e-13 -6.2908429565e-13 2.7948656577e-01 2.0242666796e-13 4.0213505940e-13 -6.3760799095e-13 -9.4478577748e-03 -9.1403268089e-03 -8.2955909960e-03 4.5768246836e-04 -7.7076506536e-04 -1.4701008767e-03 -6.8867795706e-04 -1.9525255494e-03 -5.4042935924e-03 -1.8325723512e-03 3.1840536187e-03 6.0341673363e-03
-6.0932724898e-15 2.2908939751e-14 -2.4995226069e-02 -2.6641709059e-04 4.5884433769e-04 -6.0993846118e-14 4.8140504563e-02 7.4143564995e-04 -1.2769416364e-03 1.8718079581e-13 2.1850265835e-03 6.9314039770e-05 -1.1938796150e-04 1.3451812908e-13 -9.1216871392e-04 -3.1242447036e-05 5.3816128640e-05 -1.0195067200e-12 -7.3326687882e-14 1.0813614824e-12 -1.9650577313e-12 2.9952186112e-12 -5.0856439906e-13 -1.0661176242e-12 -7.4500858342e-14 1.1391165150e-12 -2.0629021090e-12 3.1420317946e-12 -5.3231920122e-13
-1.1085034831e-14 3.9864040407e-14 -2.6641714731e-04 -2.5360011295e-02 8.7112388184e-04 -1.0799592525e-13 7.4143580720e-04 4.9155686430e-02 -2.4243021908e-03 3.3555442078e-13 6.9314039770e-05 2.2799397345e-03 -2.2665626698e-04 2.4239540054e-13 -3.1242449806e-05 -9.5495193595e-04 1.0216768716e-04 -4.1915719525e-14 -1.5404913101e-12 1.5621213564e-12 -8.7592417777e-13 -3.6142986007e-13 1.7380412575e-12 -3.8202273835e-14 -1.6096295932e-12 1.6458493459e-12 -9.2097343319e-13 -3.7806616731e-13 1.8226743577e-12
2.2621820992e-14 -8.0397504171e-14 4.5884455138e-04 8.7112410170e-04 -2.6357894165e-02 2.1219098896e-13 -1.2769422288e-03 -2.4243028002e-03 5.1932758873e-02 -6.2908429565e-13 -1.1938796150e-04 -2.2665626698e-04 2.5395741622e-03 -4.5319329522e-13 5.3816139163e-05 1.0216769807e-04 -1.0719835949e-03 -3.2036338249e-13 -8.9710213963e-13 1.2573958170e-12 -1.1114774699e-12 7.0681131873e-13 8.4618690660e-13 -3.4897179091e-13 -9.5406051749e-13 1.3081128046e-12 -1.1650867442e-12 7.4312181069e-13 8.8760643437e-13
-1.0902954991e-02 3.4394781808e-02 1.0396335576e-14 4.4136800677e-15 -1.9800675972e-14 -1.0934083639e-01 -2.4220030625e-14 -3.4194997300e-14 6.7547572888e-14 2.7948656577e-01 1.3451812908e-13 2.4239540054e-13 -4.5319329522e-13 1.9735467734e-01 1.4180584196e-13 2.8137265233e-13 -4.4595617988e-13 -6.6770438747e-03 -6.4437750601e-03 -5.8029279745e-03 3.4658986512e-04 -5.8475022357e-04 -1.1151069806e-03 -3.7431394450e-04 -1.2617596809e-03 -3.6851923201e-03 -1.2868532188e-03 2.2358415234e-03 4.2369712441e-03
-8.8115756123e-15 3.3365143529e-14 1.1238040149e-02 1.2855519448e-04 -2.2143061080e-04 -8.3973731122e-14 -1.9913428547e-02 -3.5917616409e-04 6.1866528063e-04 2.0242666796e-13 -9.1216871392e-04 -3.1242449806e-05 5.3816139163e-05 1.4180584196e-13 3.8158284736e-04 1.4006212793e-05 -2.4127523883e-05 -6.1641032380e-15 7.4166113717e-15 -1.6110825676e-14 5.5440167536e-15 5.0602828905e-15 -1.6337547110e-14 -1.3109758472e-15 1.2386344349e-14 -1.6135449645e-14 4.3892662757e-15 8.7920743365e-15 -1.2302141387e-14
-1.8230772437e-14 6.5918974979e-14 1.2855521753e-04 1.1414076236e-02 -4.2038031944e-04 -1.6630155558e-13 -3.5917622894e-04 -2.0405263912e-02 1.1745199886e-03 4.0213505940e-13 -3.1242447036e-05 -9.5495193595e-04 1.0216769807e-04 2.8137265233e-13 1.4006212793e-05 4.0076377008e-04 -4.5804537900e-05 -4.7479201206e-15 -1.2611487447e-14 -1.1995893500e-14 1.0683648771e-14 -2.0346731652e-14 3.3183070984e-15 5.6383986509e-15 -5.3643064205e-15 -1.0411820589e-14 8.7086667582e-15 -1.6336941316e-14 1.4566982718e-14
2.7619005100e-14 -1.0136657585e-13 -2.2143069756e-04 -4.2038040863e-04 1.1895618272e-02 2.5873224208e-13 6.1866552468e-04 1.1745202395e-03 -2.1750666307e-02 -6.3760799095e-13 5.3816128640e-05 1.0216768716e-04 -1.0719835949e-03 -4.4595617988e-13 -2.4127523883e-05 -4.5804537900e-05 4.5323172240e-04 2.1584777078e-14 1.8370385391e-14 5.4586867659e-15 9.7021981048e-15 -1.0720686237e-14 4.6424088011e-15 6.4904904483e-15 6.6774777474e-15 2.6712482696e-15 1.4889162950e-14 -2.0966445974e-14 -1.2326406264e-14
-1.7006047008e-02 -4.3239708351e-02 -8.4818145653e-14 -7.7394566827e-15 -2.1498615181e-14 4.9157587003e-02 2.5882295419e-13 2.7993155770e-14 6.4453232301e-14 -9.4478577748e-03 -1.0195067200e-12 -4.1915719525e-14 -3.2036338249e-13 -6.6770438747e-03 -6.1641032380e-15 -4.7479201206e-15 2.1584777078e-14 2.9489442482e-02 -1.6449646762e-03 -1.4306465302e-02 4.3582958628e-02 -7.5162072616e-02 2.2093515425e-02 2.7435830487e-02 -5.1291370032e-03 -1.8112566543e-02 4.5904649892e-02 -7.9166052427e-02 2.2654732575e-02
-1.7203510619e-02 -4.2453636245e-02 -1.0709208276e-14 -1.2565167232e-13 -7.3980927767e-14 4.7344369026e-02 2.8353604683e-14 3.7724023112e-13 2.3290118594e-13 -9.1403268089e-03 -7.3326687882e-14 -1.5404913101e-12 -8.9710213963e-13 -6.4437750601e-03 7.4166113717e-15 -1.2611487447e-14 1.8370385391e-14 -1.6449646762e-03 7.7516471681e-02 -6.2680905077e-02 2.6495912007e-02 4.1124119646e-02 -8.6712404423e-02 -5.1481383019e-03 7.8042194273e-02 -6.8805103064e-02 2.7965550354e-02 4.2889991309e-02 -9.1522114949e-02
-1.7743670414e-02 -4.0303409973e-02 9.0633845734e-14 1.2907813701e-13 9.1861850211e-14 4.2384441033e-02 -3.0016854177e-13 -4.3016282210e-13 -2.5450054844e-13 -8.2955909960e-03 1.0813614824e-12 1.5621213564e-12 1.2573958170e-12 -5.8029279745e-03 -1.6110825676e-14 -1.1995893500e-14 5.4586867659e-15 -1.4306465302e-02 -6.2680905077e-02 8.9227639485e-02 -7.0586463246e-02 3.4911904967e-02 6.6278152042e-02 -1.8183493763e-02 -6.8857049172e-02 9.0841631446e-02 -7.3941331619e-02 3.6397062657e-02 6.9097634452e-02
-2.8857638521e-04 1.1486206924e-03 -1.6004244622e-13 -7.5071249850e-14 -8.8169897662e-14 -2.6494819155e-03 4.9321973575e-13 2.2523950672e-13 2.9099266689e-13 4.5768246836e-04 -1.9650577313e-12 -8.7592417777e-13 -1.1114774699e-12 3.4658986512e-04 5.5440167536e-15 1.0683648771e-14 9.7021981048e-15 4.3582958628e-02 2.6495912007e-02 -7.0586463246e-02 9.7129285125e-02 -1.2175996049e-01 -5.1891554424e-03 4.5877222104e-02 2.7938085403e-02 -7.3968914239e-02 1.0193215828e-01 -1.2777684539e-01 -5.4188965647e-03
4.9672628089e-04 -1.9774446170e-03 2.3386146197e-13 -3.2953307880e-14 7.4955712461e-14 4.5613289583e-03 -7.1850495226e-13 1.1328613389e-13 -2.5911530558e-13 -7.7076506536e-04 2.9952186112e-12 -3.6142986007e-13 7.0681131873e-13 -5.8475022357e-04 5.0602828905e-15 -2.0346731652e-14 -1.0720686237e-14 -7.5162072616e-02 4.1124119646e-02 3.4911904967e-02 -1.2175996049e-01 2.3653117634e-01 -9.0482893746e-02 -7.9118176583e-02 4.2937870030e-02 3.6444855530e-02 -1.2777693201e-01 2.4822282844e-01 -9.5011568679e-02
9.4310689567e-04 -3.7543379875e-03 -4.3890839303e-14 1.2527174358e-13 8.9546914946e-14 8.6600725050e-03 1.4813495624e-13 -3.5943423464e-13 -3.2722171696e-13 -1.4701008767e-03 -5.0856439906e-13 1.7380412575e-12 8.4618690660e-13 -1.1151069806e-03 -1.6337547110e-14 3.3183070984e-15 4.6424088011e-15 2.2093515425e-02 -8.6712404423e-02 6.6278152042e-02 -5.1891554424e-03 -9.0482893746e-02 1.1252899685e-01 2.2745456982e-02 -9.1431399229e-02 6.9188305577e-02 -5.4190599607e-03 -9.5011643696e-02 1.1801403748e-01
2.4169733642e-04 -2.0241886243e-02 -7.8626797531e-14 -6.8917252460e-15 -2.3779500847e-14 1.4266361838e-02 2.7275586082e-13 4.8952800293e-16 8.7872136980e-14 -6.8867795706e-04 -1.0661176242e-12 -3.8202273835e-14 -3.4897179091e-13 -3.7431394450e-04 -1.3109758472e-15 5.6383986509e-15 6.4904904483e-15 2.7435830487e-02 -5.1481383019e-03 -1.8183493763e-02 4.5877222104e-02 -7.9118176583e-02 2.2745456982e-02 2.7806415589e-02 -6.3672934299e-03 -1.9982053526e-02 4.8185101461e-02 -8.3098241401e-02 2.3756265329e-02
1.8416389403e-04 -2.0016927188e-02 -3.6260717454e-15 -1.2930067141e-13 -5.9824516207e-14 1.4088483049e-02 1.1280525923e-14 4.3108031138e-13 2.1817726566e-13 -1.9525255494e-03 -7.4500858342e-14 -1.6096295932e-12 -9.5406051749e-13 -1.2617596809e-03 1.2386344349e-14 -5.3643064205e-15 6.6774777474e-15 -5.1291370032e-03 7.8042194273e-02 -6.8857049172e-02 2.7938085403e-02 4.2937870030e-02 -9.1431399229e-02 -6.3672934299e-03 8.0952154250e-02 -7.3146132862e-02 2.9363331302e-02 4.4993391293e-02 -9.6095638257e-02
2.6689789858e-05 -1.9401252007e-02 7.2808527999e-14 9.9455578876e-14 1.2698980886e-13 1.3600734987e-02 -2.5118452146e-13 -3.6322629072e-13 -4.2305300699e-13 -5.4042935924e-03 1.1391165150e-12 1.6458493459e-12 1.3081128046e-12 -3.6851923201e-03 -1.6135449645e-14 -1.0411820589e-14 2.6712482696e-15 -1.8112566543e-02 -6.8805103064e-02 9.0841631446e-02 -7.3968914239e-02 3.6444855530e-02 6.9188305577e-02 -1.9982053526e-02 -7.3146132862e-02 9.4516509437e-02 -7.7575371575e-02 3.8150893847e-02 7.2427040442e-02
-8.4432075671e-05 3.3001322301e-04 -1.5501944165e-13 -7.1187938424e-14 -7.4206114312e-14 -2.6417120359e-04 5.3381886084e-13 2.4305152017e-13 2.5807620397e-13 -1.8325723512e-03 -2.0629021090e-12 -9.2097343319e-13 -1.1650867442e-12 -1.2868532188e-03 4.3892662757e-15 8.7086667582e-15 1.4889162950e-14 4.5904649892e-02 2.7965550354e-02 -7.3941331619e-02 1.0193215828e-01 -1.2777693201e-01 -5.4190599607e-03 4.8185101461e-02 2.9363331302e-02 -7.7575371575e-02 1.0698988652e-01 -1.3412111550e-01 -5.7157030643e-03
1.4462106432e-04 -5.6551996507e-04 2.4226010543e-13 -2.1626033230e-14 3.0451624386e-14 4.4617112076e-04 -8.3468122512e-13 7.9752472165e-14 -1.1043618219e-13 3.1840536187e-03 3.1420317946e-12 -3.7806616731e-13 7.4312181069e-13 2.2358415234e-03 8.7920743365e-15 -1.6336941316e-14 -2.0966445974e-14 -7.9166052427e-02 4.2889991309e-02 3.6397062657e-02 -1.2777684539e-01 2.4822282844e-01 -9.5011643696e-02 -8.3098241401e-02 4.4993391293e-02 3.8150893847e-02 -1.3412111550e-01 2.6054411125e-01 -9.9668811674e-02
2.7482542180e-04 -1.0745622721e-03 -3.1680207782e-14 1.6065194802e-13 2.5874022350e-14 8.5006005272e-04 1.1474388711e-13 -5.4869582661e-13 -1.0111688738e-13 6.0341673363e-03 -5.3231920122e-13 1.8226743577e-12 8.8760643437e-13 4.2369712441e-03 -1.2302141387e-14 1.4566982718e-14 -1.2326406264e-14 2.2654732575e-02 -9.1522114949e-02 6.9097634452e-02 -5.4188965647e-03 -9.5011568679e-02 1.1801403748e-01 2.3756265329e-02 -9.6095638257e-02 7.2427040442e-02 -5.7157030643e-03 -9.9668811674e-02 1.2395262030e-01
Ca 17
1.0782911310e+00 -3.0706277111e-01 -1.1848974061e-17 -3.0665417833e-17 -1.4753330527e-16 9.4098631413e-02 1.3925668980e-16 2.0764731058e-17 4.4077661130e-16 -5.0967254192e-03 -3.0455951694e-16 2.4009124192e-17 -1.1980389803e-15 -1.6217869063e-02 -9.3016386040e-17 4.2613508678e-17 2.5012445144e-16
-3.0706277111e-01 1.2064565624e+00 1.8537450089e-16 3.3052396520e-17 7.5994656890e-16 -4.0619729533e-01 -7.4653525022e-16 -2.7145628071e-16 -2.3677062743e-15 3.7303973348e-02 1.2889248301e-15 -5.9088270316e-16 5.6954233222e-15 4.9101022780e-02 1.2428428230e-16 3.8432165800e-16 -2.2116245264e-15
-1.1848974061e-17 1.8537450089e-16 1.0973602223e+00 3.4125174799e-16 -3.2244348895e-16 -5.3447678081e-16 -3.2281927259e-01 6.2237177255e-17 3.9083719078e-16 2.9588130170e-15 -3.0484778685e-02 -5.4236978842e-16 -2.1207129585e-16 -1.5565992760e-15 1.3873233564e-02 1.4030270124e-15 2.1876762670e-16
-3.0665417833e-17 3.3052396520e-17 3.4125174799e-16 1.0973602223e+00 1.0313058348e-16 3.1768296720e-16 -4.2968685515e-17 -3.2281927259e-01 3.1018553751e-16 2.8690222632e-15 -8.9111984208e-16 -3.0484778685e-02 6.5202006987e-17 -3.5486047522e-15 1.0835834104e-15 1.3873233564e-02 -1.5048140452e-16
-1.4753330527e-16 7.5994656890e-16 -3.2244348895e-16 1.0313058348e-16 1.0973602223e+00 -1.4161049083e-15 7.7481850498e-16 6.7519177415e-16 -3.2281927259e-01 8.2393912212e-15 -3.4998066951e-15 -3.6455193185e-15 -3.0484778685e-02 -4.9137351532e-15 3.1043767237e-15 2.4262555494e-15 1.3873233564e-02
9.4098631413e-02 -4.0619729533e-01 -5.3447678081e-16 3.1768296720e-16 -1.4161049083e-15 1.2124427329e+00 1.5620999841e-15 -4.8165593375e-16 5.0005902172e-15 -1.8523769778e-01 -4.9066829829e-15 2.3962564583e-15 -1.9780163615e-14 -1.3721806277e-01 3.0210189858e-16 -1.7480751197e-15 8.3708867892e-15
1.3925668980e-16 -7.4653525022e-16 -3.2281927259e-01 -4.2968685515e-17 7.7481850498e-16 1.5620999841e-15 1.0725688632e+00 -5.9468259114e-16 -1.0760583666e-15 -9.3113722288e-15 6.0490418371e-02 1.4775511345e-15 4.5748269780e-16 4.5010051964e-15 -2.4564338915e-02 -3.4997504429e-15 -9.6960686352e-16
2.0764731058e-17 -2.7145628071e-16 6.2237177255e-17 -3.2281927259e-01 6.7519177415e-16 -4.8165593375e-16 -5.9468259114e-16 1.0725688632e+00 -1.6935346113e-15 -6.3532325319e-15 3.1053192101e-15 6.0490418371e-02 -6.9249849410e-16 8.3348298142e-15 -3.3549613287e-15 -2.4564338915e-02 6.0934888325e-16
4.4077661130e-16 -2.3677062743e-15 3.9083719078e-16 3.1018553751e-16 -3.2281927259e-01 5.0005902172e-15 -1.0760583666e-15 -1.6935346113e-15 1.0725688632e+00 -2.4446061157e-14 8.9545527669e-15 1.0780294293e-14 6.0490418371e-02 1.2462959961e-14 -7.6803450277e-15 -7.5383083321e-15 -2.4564338915e-02
-5.0967254192e-03 3.7303973348e-02 2.9588130170e-15 2.8690222632e-15 8.2393912212e-15 -1.8523769778e-01 -9.3113722288e-15 -6.3532325319e-15 -2.4446061157e-14 4.4062686157e-01 1.1881658202e-14 -5.6905622807e-15 2.9587990687e-14 2.6969609965e-01 -4.3908983523e-15 4.2377938099e-15 -1.0891799496e-14
-3.0455951694e-16 1.2889248301e-15 -3.0484778685e-02 -8.9111984208e-16 -3.4998066951e-15 -4.9066829829e-15 6.0490418371e-02 3.1053192101e-15 8.9545527669e-15 1.1881658202e-14 3.5622524773e-03 2.6090990055e-16 5.4540524788e-16 7.8533656222e-15 -1.4649201723e-03 -2.7316055098e-16 -2.6574127959e-16
2.4009124192e-17 -5.9088270316e-16 -5.4236978842e-16 -3.0484778685e-02 -3.6455193185e-15 2.3962564583e-15 1.4775511345e-15 6.0490418371e-02 1.0780294293e-14 -5.6905622807e-15 2.6090990055e-16 3.5622524773e-03 5.8097350922e-16 -2.7782485241e-15 -2.2530080092e-16 -1.4649201723e-03 -2.1774621798e-16
-1.1980389803e-15 5.6954233222e-15 -2.1207129585e-16 6.5202006987e-17 -3.0484778685e-02 -1.9780163615e-14 4.5748269780e-16 -6.9249849410e-16 6.0490418371e-02 2.9587990687e-14 5.4540524788e-16 5.8097350922e-16 3.5622524773e-03 1.9839419887e-14 -4.5541015881e-16 -4.1426597862e-16 -1.4649201723e-03
-1.6217869063e-02 4.9101022780e-02 -1.5565992760e-15 -3.5486047522e-15 -4.9137351532e-15 -1.3721806277e-01 4.5010051964e-15 8.3348298142e-15 1.2462959961e-14 2.6969609965e-01 7.8533656222e-15 -2.7782485241e-15 1.9839419887e-14 1.6592251555e-01 -2.8902315223e-15 2.3039152495e-15 -7.3822064648e-15
-9.3016386040e-17 1.2428428230e-16 1.3873233564e-02 1.0835834104e-15 3.1043767237e-15 3.0210189858e-16 -2.4564338915e-02 -3.3549613287e-15 -7.6803450277e-15 -4.3908983523e-15 -1.4649201723e-03 -2.2530080092e-16 -4.5541015881e-16 -2.8902315223e-15 6.0456185725e-04 1.6000123409e-16 2.0342729088e-16
4.2613508678e-17 3.8432165800e-16 1.4030270124e-15 1.3873233564e-02 2.4262555494e-15 -1.7480751197e-15 -3.4997504429e-15 -2.4564338915e-02 -7.5383083321e-15 4.2377938099e-15 -2.7316055098e-16 -1.4649201723e-03 -4.1426597862e-16 2.3039152495e-15 1.6000123409e-16 6.0456185725e-04 1.6079817570e-16
2.5012445144e-16 -2.2116245264e-15 2.1876762670e-16 -1.5048140452e-16 1.3873233564e-02 8.3708867892e-15 -9.6960686352e-16 6.0934888325e-16 -2.4564338915e-02 -1.0891799496e-14 -2.6574127959e-16 -2.1774621798e-16 -1.4649201723e-03 -7.3822064648e-15 2.0342729088e-16 1.6079817570e-16 6.0456185725e-04
1.0782911310e+00 -3.0706277111e-01 -1.1848974061e-17 -3.0665417833e-17 -1.4753330527e-16 9.4098631413e-02 1.3925668980e-16 2.0764731058e-17 4.4077661130e-16 -5.0967254192e-03 -3.0455951694e-16 2.4009124192e-17 -1.1980389803e-15 -1.6217869063e-02 -9.3016386040e-17 4.2613508678e-17 2.5012445144e-16
-3.0706277111e-01 1.2064565624e+00 1.8537450089e-16 3.3052396520e-17 7.5994656890e-16 -4.0619729533e-01 -7.4653525022e-16 -2.7145628071e-16 -2.3677062743e-15 3.7303973348e-02 1.2889248301e-15 -5.9088270316e-16 5.6954233222e-15 4.9101022780e-02 1.2428428230e-16 3.8432165800e-16 -2.2116245264e-15
-1.1848974061e-17 1.8537450089e-16 1.0973602223e+00 3.4125174799e-16 -3.2244348895e-16 -5.3447678081e-16 -3.2281927259e-01 6.2237177255e-17 3.9083719078e-16 2.9588130170e-15 -3.0484778685e-02 -5.4236978842e-16 -2.1207129585e-16 -1.5565992760e-15 1.3873233564e-02 1.4030270124e-15 2.1876762670e-16
-3.0665417833e-17 3.3052396520e-17 3.4125174799e-16 1.0973602223e+00 1.0313058348e-16 3.1768296720e-16 -4.2968685515e-17 -3.2281927259e-01 3.1018553751e-16 2.8690222632e-15 -8.9111984208e-16 -3.0484778685e-02 6.5202006987e-17 -3.5486047522e-15 1.0835834104e-15 1.3873233564e-02 -1.5048140452e-16
-1.4753330527e-16 7.5994656890e-16 -3.2244348895e-16 1.0313058348e-16 1.0973602223e+00 -1.4161049083e-15 7.7481850498e-16 6.7519177415e-16 -3.2281927259e-01 8.2393912212e-15 -3.4998066951e-15 -3.6455193185e-15 -3.0484778685e-02 -4.9137351532e-15 3.1043767237e-15 2.4262555494e-15 1.3873233564e-02
9.4098631413e-02 -4.0619729533e-01 -5.3447678081e-16 3.1768296720e-16 -1.4161049083e-15 1.2124427329e+00 1.5620999841e-15 -4.8165593375e-16 5.0005902172e-15 -1.8523769778e-01 -4.9066829829e-15 2.3962564583e-15 -1.9780163615e-14 -1.3721806277e-01 3.0210189858e-16 -1.7480751197e-15 8.3708867892e-15
1.3925668980e-16 -7.4653525022e-16 -3.2281927259e-01 -4.2968685515e-17 7.7481850498e-16 1.5620999841e-15 1.0725688632e+00 -5.9468259114e-16 -1.0760583666e-15 -9.3113722288e-15 6.0490418371e-02 1.4775511345e-15 4.5748269780e-16 4.5010051964e-15 -2.4564338915e-02 -3.4997504429e-15 -9.6960686352e-16
2.0764731058e-17 -2.7145628071e-16 6.2237177255e-17 -3.2281927259e-01 6.7519177415e-16 -4.8165593375e-16 -5.9468259114e-16 1.0725688632e+00 -1.6935346113e-15 -6.3532325319e-15 3.1053192101e-15 6.0490418371e-02 -6.9249849410e-16 8.3348298142e-15 -3.3549613287e-15 -2.4564338915e-02 6.0934888325e-16
4.4077661130e-16 -2.3677062743e-15 3.9083719078e-16 3.1018553751e-16 -3.2281927259e-01 5.0005902172e-15 -1.0760583666e-15 -1.6935346113e-15 1.0725688632e+00 -2.4446061157e-14 8.9545527669e-15 1.0780294293e-14 6.0490418371e-02 1.2462959961e-14 -7.6803450277e-15 -7.5383083321e-15 -2.4564338915e-02
-5.0967254192e-03 3.7303973348e-02 2.9588130170e-15 2.8690222632e-15 8.2393912212e-15 -1.8523769778e-01 -9.3113722288e-15 -6.3532325319e-15 -2.4446061157e-14 4.4062686157e-01 1.1881658202e-14 -5.6905622807e-15 2.9587990687e-14 2.6969609965e-01 -4.3908983523e-15 4.2377938099e-15 -1.0891799496e-14
-3.0455951694e-16 1.2889248301e-15 -3.0484778685e-02 -8.9111984208e-16 -3.4998066951e-15 -4.9066829829e-15 6.0490418371e-02 3.1053192101e-15 8.9545527669e-15 1.1881658202e-14 3.5622524773e-03 2.6090990055e-16 5.4540524788e-16 7.8533656222e-15 -1.4649201723e-03 -2.7316055098e-16 -2.6574127959e-16
2.4009124192e-17 -5.9088270316e-16 -5.4236978842e-16 -3.0484778685e-02 -3.6455193185e-15 2.3962564583e-15 1.4775511345e-15 6.0490418371e-02 1.0780294293e-14 -5.6905622807e-15 2.6090990055e-16 3.5622524773e-03 5.8097350922e-16 -2.7782485241e-15 -2.2530080092e-16 -1.4649201723e-03 -2.1774621798e-16
-1.1980389803e-15 5.6954233222e-15 -2.1207129585e-16 6.5202006987e-17 -3.0484778685e-02 -1.9780163615e-14 4.5748269780e-16 -6.9249849410e-16 6.0490418371e-02 2.9587990687e-14 5.4540524788e-16 5.8097350922e-16 3.5622524773e-03 1.9839419887e-14 -4.5541015881e-16 -4.1426597862e-16 -1.4649201723e-03
-1.6217869063e-02 4.9101022780e-02 -1.5565992760e-15 -3.5486047522e-15 -4.9137351532e-15 -1.3721806277e-01 4.5010051964e-15 8.3348298142e-15 1.2462959961e-14 2.6969609965e-01 7.8533656222e-15 -2.7782485241e-15 1.9839419887e-14 1.6592251555e-01 -2.8902315223e-15 2.3039152495e-15 -7.3822064648e-15
-9.3016386040e-17 1.2428428230e-16 1.3873233564e-02 1.0835834104e-15 3.1043767237e-15 3.0210189858e-16 -2.4564338915e-02 -3.3549613287e-15 -7.6803450277e-15 -4.3908983523e-15 -1.4649201723e-03 -2.2530080092e-16 -4.5541015881e-16 -2.8902315223e-15 6.0456185725e-04 1.6000123409e-16 2.0342729088e-16
4.2613508678e-17 3.8432165800e-16 1.4030270124e-15 1.3873233564e-02 2.4262555494e-15 -1.7480751197e-15 -3.4997504429e-15 -2.4564338915e-02 -7.5383083321e-15 4.2377938099e-15 -2.7316055098e-16 -1.4649201723e-03 -4.1426597862e-16 2.3039152495e-15 1.6000123409e-16 6.0456185725e-04 1.6079817570e-16
2.5012445144e-16 -2.2116245264e-15 2.1876762670e-16 -1.5048140452e-16 1.3873233564e-02 8.3708867892e-15 -9.6960686352e-16 6.0934888325e-16 -2.4564338915e-02 -1.0891799496e-14 -2.6574127959e-16 -2.1774621798e-16 -1.4649201723e-03 -7.3822064648e-15 2.0342729088e-16 1.6079817570e-16 6.0456185725e-04
H 2
1.3943289759e-01 2.6785404633e-01
2.6785404633e-01 5.1455425067e-01
0.0000000000e+00 0.0000000000e+00
0.0000000000e+00 0.0000000000e+00
Be 9
1.0322033329e+00 2.6402722125e-02 -1.1126936793e-16 -1.2558826191e-16 -1.2558826191e-16 -2.0591007615e-01 6.3299199943e-17 1.4918675908e-16 1.4918675908e-16
