H 2
1.8269671776e-01 2.8443330073e-01
2.8443330073e-01 4.4282296668e-01
0.0000000000e+00 0.0000000000e+00
0.0000000000e+00 0.0000000000e+00
N 9
1.0356966103e+00 -5.8585721378e-02 7.7755107264e-17 -2.0493627013e-17 -2.7665141658e-17 -1.5181824395e-01 -9.6707225216e-17 2.4930950904e-17 3.0213165095e-17
-5.8585721378e-02 2.1888716413e-01 9.7211628473e-17 -9.4808156977e-17 -1.0342388626e-16 2.8525434384e-01 -7.8660975000e-17 1.3055428154e-16 1.2810219379e-16
7.7755107264e-17 9.7211628473e-17 3.9810220660e-01 6.7545628140e-02 -7.1613720350e-02 9.4778294493e-17 3.0299077141e-01 3.7304924628e-02 -6.3555022309e-02
-2.0493627013e-17 -9.4808156977e-17 6.7545628140e-02 3.0740736086e-01 1.7777196505e-01 -1.6004340106e-16 3.7304924628e-02 2.3219395249e-01 1.3823677833e-01
-2.7665141658e-17 -1.0342388626e-16 -7.1613720350e-02 1.7777196505e-01 1.3476438588e-01 -1.4928499087e-16 -6.3555022309e-02 1.3823677833e-01 1.0706573448e-01
-1.5181824395e-01 2.8525434384e-01 9.4778294493e-17 -1.6004340106e-16 -1.4928499087e-16 3.7732806207e-01 -1.1053481084e-16 1.3613738564e-16 1.4802666679e-16
-9.6707225216e-17 -7.8660975000e-17 3.0299077141e-01 3.7304924628e-02 -6.3555022309e-02 -1.1053481084e-16 2.3127469329e-01 1.7628844892e-02 -5.5472452336e-02
2.4930950904e-17 1.3055428154e-16 3.7304924628e-02 2.3219395249e-01 1.3823677833e-01 1.3613738564e-16 1.7628844892e-02 1.7587376294e-01 1.0777545907e-01
3.0213165095e-17 1.2810219379e-16 -6.3555022309e-02 1.3823677833e-01 1.0706573448e-01 1.4802666679e-16 -5.5472452336e-02 1.0777545907e-01 8.5183302219e-02
1.0356966103e+00 -5.8585721378e-02 7.9685341372e-17 -1.8695496559e-17 -2.7068597501e-17 -1.5181824395e-01 -9.5308229663e-17 2.6234200338e-17 3.0645528516e-17
-5.8585721378e-02 2.1888716413e-01 8.6878131188e-17 -1.0443443811e-16 -1.0661748200e-16 2.8525434384e-01 -8.6150489712e-17 1.2357734313e-16 1.2578753868e-16
7.9685341372e-17 8.6878131188e-17 1.7455594832e-01 -1.4070130595e-01 -1.4070130595e-01 1.1556616475e-16 1.4096885917e-01 -1.1362833965e-01 -1.1362833965e-01
-1.8695496559e-17 -1.0443443811e-16 -1.4070130595e-01 1.1341267764e-01 1.1341267764e-01 -1.4067823574e-16 -1.1362833965e-01 9.1590438116e-02 9.1590438116e-02
-2.7068597501e-17 -1.0661748200e-16 -1.4070130595e-01 1.1341267764e-01 1.1341267764e-01 -1.4286044242e-16 -1.1362833965e-01 9.1590438116e-02 9.1590438116e-02
-1.5181824395e-01 2.8525434384e-01 1.1556616475e-16 -1.4067823574e-16 -1.4286044242e-16 3.7732806207e-01 -9.5468173104e-17 1.5017287494e-16 1.5268305259e-16
-9.5308229663e-17 -8.6150489712e-17 1.4096885917e-01 -1.1362833965e-01 -1.1362833965e-01 -9.5468173104e-17 1.1384441176e-01 -9.1764603635e-02 -9.1764603635e-02
2.6234200338e-17 1.2357734313e-16 -1.1362833965e-01 9.1590438116e-02 9.1590438116e-02 1.5017287494e-16 -9.1764603635e-02 7.3967113101e-02 7.3967113101e-02
3.0645528516e-17 1.2578753868e-16 -1.1362833965e-01 9.1590438116e-02 9.1590438116e-02 1.5268305259e-16 -9.1764603635e-02 7.3967113101e-02 7.3967113101e-02
C 9
1.0381506639e+00 -4.3243163878e-02 -2.6734002194e-17 -2.3615114927e-16 -6.3161793332e-32 -1.6769704419e-01 2.2847467761e-17 2.4006659799e-16 -9.7961955685e-32
-4.3243163878e-02 1.5942503143e-01 1.2672841707e-18 -2.7769956663e-17 -5.1674188616e-32 2.6526794900e-01 -8.0574351065e-18 -5.9451843837e-18 -4.4837551012e-32
-2.6734002194e-17 1.2672841707e-18 6.0399593715e-02 1.3150117136e-01 1.0695923890e-15 2.4052347022e-17 5.5398879217e-02 1.2061368398e-01 8.9316841244e-16
-2.3615114927e-16 -2.7769956663e-17 1.3150117136e-01 2.8630255612e-01 2.3287019562e-15 1.8940261978e-17 1.2061368398e-01 2.6259846715e-01 1.9445940814e-15
-6.3161793332e-32 -5.1674188616e-32 1.0695923890e-15 2.3287019562e-15 1.8940986327e-29 2.6621771173e-31 9.8103672439e-16 2.1358997714e-15 1.5816764275e-29
-1.6769704419e-01 2.6526794900e-01 2.4052347022e-17 1.8940261978e-17 2.6621771173e-31 4.5031145756e-01 2.5348890951e-18 6.7690088450e-18 2.2376045167e-31
2.2847467761e-17 -8.0574351065e-18 5.5398879217e-02 1.2061368398e-01 9.8103672439e-16 2.5348890951e-18 5.0812193092e-02 1.1062761353e-01 8.1921956686e-16
2.4006659799e-16 -5.9451843837e-18 1.2061368398e-01 2.6259846715e-01 2.1358997714e-15 6.7690088450e-18 1.1062761353e-01 2.4085693081e-01 1.7835936638e-15
-9.7961955685e-32 -4.4837551012e-32 8.9316841244e-16 1.9445940814e-15 1.5816764275e-29 2.2376045167e-31 8.1921956686e-16 1.7835936638e-15 1.3207867204e-29
1.0381506639e+00 -4.3243163878e-02 -2.6734002194e-17 -2.3615114927e-16 -6.3161793332e-32 -1.6769704419e-01 2.2847467761e-17 2.4006659799e-16 -9.7961955685e-32
-4.3243163878e-02 1.5942503143e-01 1.2672841707e-18 -2.7769956663e-17 -5.1674188616e-32 2.6526794900e-01 -8.0574351065e-18 -5.9451843837e-18 -4.4837551012e-32
-2.6734002194e-17 1.2672841707e-18 6.0399593715e-02 1.3150117136e-01 1.0695923890e-15 2.4052347022e-17 5.5398879217e-02 1.2061368398e-01 8.9316841244e-16
-2.3615114927e-16 -2.7769956663e-17 1.3150117136e-01 2.8630255612e-01 2.3287019562e-15 1.8940261978e-17 1.2061368398e-01 2.6259846715e-01 1.9445940814e-15
-6.3161793332e-32 -5.1674188616e-32 1.0695923890e-15 2.3287019562e-15 1.8940986327e-29 2.6621771173e-31 9.8103672439e-16 2.1358997714e-15 1.5816764275e-29
-1.6769704419e-01 2.6526794900e-01 2.4052347022e-17 1.8940261978e-17 2.6621771173e-31 4.5031145756e-01 2.5348890951e-18 6.7690088450e-18 2.2376045167e-31
2.2847467761e-17 -8.0574351065e-18 5.5398879217e-02 1.2061368398e-01 9.8103672439e-16 2.5348890951e-18 5.0812193092e-02 1.1062761353e-01 8.1921956686e-16
2.4006659799e-16 -5.9451843837e-18 1.2061368398e-01 2.6259846715e-01 2.1358997714e-15 6.7690088450e-18 1.1062761353e-01 2.4085693081e-01 1.7835936638e-15
-9.7961955685e-32 -4.4837551012e-32 8.9316841244e-16 1.9445940814e-15 1.5816764275e-29 2.2376045167e-31 8.1921956686e-16 1.7835936638e-15 1.3207867204e-29
B 9
1.0443458004e+00 -1.6655866138e-02 -2.2000421279e-16 1.7914109293e-16 -2.4277788905e-21 -2.0233728313e-01 2.3053631749e-16 -1.9642984757e-16 9.4291172128e-21
-1.6655866138e-02 7.6022325993e-02 -5.0551997481e-17 6.0017986262e-17 4.9520678115e-21 2.1155729626e-01 3.7282404557e-17 -5.7986547830e-17 3.6141504706e-21
-2.2000421279e-16 -5.0551997481e-17 2.7433532993e-01 2.2047145416e-02 -1.5585956543e-16 -8.7980598439e-17 3.0591659452e-01 2.4585195229e-02 -1.6833553373e-16
1.7914109293e-16 6.0017986262e-17 2.2047145416e-02 1.7718338397e-03 -1.2525760004e-17 1.3964958732e-16 2.4585195229e-02 1.9758059395e-03 -1.3528399684e-17
-2.4277788905e-21 4.9520678115e-21 -1.5585956543e-16 -1.2525760004e-17 8.8549310183e-32 1.3982039922e-20 -1.7380199441e-16 -1.3967715515e-17 9.5637347185e-32
-2.0233728313e-01 2.1155729626e-01 -8.7980598439e-17 1.3964958732e-16 1.3982039922e-20 6.1210861738e-01 8.8112378240e-17 -1.2840168520e-16 8.5255840254e-21
2.3053631749e-16 3.7282404557e-17 3.0591659452e-01 2.4585195229e-02 -1.7380199441e-16 8.8112378240e-17 3.4113346912e-01 2.7415423314e-02 -1.8771418624e-16
-1.9642984757e-16 -5.7986547830e-17 2.4585195229e-02 1.9758059395e-03 -1.3967715515e-17 -1.2840168520e-16 2.7415423314e-02 2.2032591449e-03 -1.5085778276e-17
9.4291172128e-21 3.6141504706e-21 -1.6833553373e-16 -1.3528399684e-17 9.5637347185e-32 8.5255840254e-21 -1.8771418624e-16 -1.5085778276e-17 1.0329275488e-31
1.0443458004e+00 -1.6655866138e-02 -2.6128301774e-16 1.7582369369e-16 -2.4277788904e-21 -2.0233728313e-01 1.8450552941e-16 -2.0012914316e-16 9.4291172128e-21
-1.6655866138e-02 7.6022325993e-02 -5.3840254952e-18 6.3647941058e-17 4.9520678115e-21 2.1155729626e-01 8.7650077488e-17 -5.3938715531e-17 3.6141504706e-21
-2.6128301774e-16 -5.3840254952e-18 6.6574104611e-32 -5.2367053683e-32 -1.2055333568e-38 2.4356880575e-17 -5.7582705502e-32 5.7272759100e-32 -2.8336725034e-36
1.7582369369e-16 6.3647941058e-17 -5.2367053683e-32 8.7891572550e-32 3.9011445284e-36 1.4867766524e-16 1.1052882485e-31 -8.3806893500e-32 4.8896285447e-36
-2.4277788904e-21 4.9520678115e-21 -1.2055333568e-38 3.9011445284e-36 3.2430862729e-40 1.3982039922e-20 5.4466477489e-36 -3.2400721538e-36 2.2223630750e-40
-2.0233728313e-01 2.1155729626e-01 2.4356880575e-17 1.4867766524e-16 1.3982039922e-20 6.1210861738e-01 2.1338205833e-16 -1.1833430215e-16 8.5255840254e-21
1.8450552941e-16 8.7650077488e-17 -5.7582705502e-32 1.1052882485e-31 5.4466477489e-36 2.1338205833e-16 1.4093088585e-31 -1.0367578765e-31 6.1676188886e-36
-2.0012914316e-16 -5.3938715531e-17 5.7272759100e-32 -8.3806893500e-32 -3.2400721538e-36 -1.1833430215e-16 -1.0367578765e-31 8.1434871960e-32 -4.6458638415e-36
9.4291172128e-21 3.6141504706e-21 -2.8336725034e-36 4.8896285447e-36 2.2223630750e-40 8.5255840254e-21 6.1676188886e-36 -4.6458638415e-36 2.7220159020e-40
P 13
1.0655395613e+00 -2.8210444641e-01 1.0635516959e-16 -6.9754523847e-17 -4.6691035606e-17 -2.0670833719e-02 -1.7793902135e-16 9.2916546928e-17 1.7178954249e-16 8.0813074743e-02 1.0673136880e-16 -5.5644082920e-17 -1.4903099479e-16
-2.8210444641e-01 1.1896622850e+00 -1.2435969175e-16 1.2139617362e-16 2.2827337826e-17 2.1706446588e-02 3.3778019671e-17 -4.9350332324e-16 -1.9979258714e-16 -3.9795491759e-01 6.5052089793e-17 3.9090124276e-16 3.0431342250e-16
1.0635516959e-16 -1.2435969175e-16 9.8315154553e-01 -4.6557581273e-03 -2.9992210816e-02 1.2948965360e-16 2.1161265034e-02 6.0264843856e-03 3.7801964924e-02 -3.3148117888e-16 -1.4662087507e-01 1.4469922585e-02 9.0768705609e-02
-6.9754523847e-17 1.2139617362e-16 -4.6557581273e-03 1.0026236130e+00 -6.8001881369e-03 -5.0618496767e-16 6.0264843856e-03 -2.3313894862e-03 8.3051056620e-03 2.3124193221e-16 1.4469922585e-02 -2.0303491121e-01 1.9943013759e-02
-4.6691035606e-17 2.2827337826e-17 -2.9992210816e-02 -6.8001881369e-03 9.5986699102e-01 -8.8025533212e-18 3.7801964924e-02 8.3051056620e-03 5.0586124128e-02 -6.0635138866e-17 9.0768705609e-02 1.9943013759e-02 -7.5967289915e-02
-2.0670833719e-02 2.1706446588e-02 1.2948965360e-16 -5.0618496767e-16 -8.8025533212e-18 3.2893423538e-02 2.5924759745e-16 1.1195483599e-16 1.7753380244e-17 1.4549527196e-01 -1.2428032444e-16 -8.7635483445e-17 -1.1798756952e-16
-1.7793902135e-16 3.3778019671e-17 2.1161265034e-02 6.0264843856e-03 3.7801964924e-02 2.5924759745e-16 7.4713537554e-02 -8.0199061738e-03 -4.5487974344e-02 9.7836660973e-16 1.7163785111e-01 -1.8677033511e-02 -1.1520023667e-01
9.2916546928e-17 -4.9350332324e-16 6.0264843856e-03 -2.3313894862e-03 8.3051056620e-03 1.1195483599e-16 -8.0199061738e-03 9.7892224165e-02 -8.7048263723e-03 8.9613979271e-16 -1.8677033511e-02 2.4116633090e-01 -2.4786789305e-02
1.7178954249e-16 -1.9979258714e-16 3.7801964924e-02 8.3051056620e-03 5.0586124128e-02 1.7753380244e-17 -4.5487974344e-02 -8.7048263723e-03 3.8931696419e-02 2.8052661214e-16 -1.1520023667e-01 -2.4786789305e-02 8.1814788300e-02
8.0813074743e-02 -3.9795491759e-01 -3.3148117888e-16 2.3124193221e-16 -6.0635138866e-17 1.4549527196e-01 9.7836660973e-16 8.9613979271e-16 2.8052661214e-16 8.5472416394e-01 -9.3331717739e-16 -7.1448558222e-16 -4.4327989766e-16
1.0673136880e-16 6.5052089793e-17 -1.4662087507e-01 1.4469922585e-02 9.0768705609e-02 -1.2428032444e-16 1.7163785111e-01 -1.8677033511e-02 -1.1520023667e-01 -9.3331717739e-16 4.3334880527e-01 -4.3254699648e-02 -2.8983936095e-01
-5.5644082920e-17 3.9090124276e-16 1.4469922585e-02 -2.0303491121e-01 1.9943013759e-02 -8.7635483445e-17 -1.8677033511e-02 2.4116633090e-01 -2.4786789305e-02 -7.1448558222e-16 -4.3254699648e-02 6.3304006152e-01 -6.8631750901e-02
-1.4903099479e-16 3.0431342250e-16 9.0768705609e-02 1.9943013759e-02 -7.5967289915e-02 -1.1798756952e-16 -1.1520023667e-01 -2.4786789305e-02 8.1814788300e-02 -4.4327989766e-16 -2.8983936095e-01 -6.8631750901e-02 2.0917767955e-01
1.0655395613e+00 -2.8210444641e-01 1.0343013381e-16 -6.8880032805e-17 -4.4824517364e-17 -2.0670833719e-02 -1.7424791140e-16 9.1813024498e-17 1.6943417845e-16 8.0813074743e-02 1.1599441853e-16 -5.8413435035e-17 -1.5494191440e-16
-2.8210444641e-01 1.1896622850e+00 -1.5287578317e-16 1.2992156216e-16 4.1023971618e-17 2.1706446588e-02 6.9762546690e-17 -5.0426153234e-16 -2.2275496480e-16 -3.9795491759e-01 1.5535730085e-16 3.6390290696e-16 2.4668803370e-16
1.0343013381e-16 -1.5287578317e-16 9.4110041262e-01 7.9161698203e-03 -3.1586222061e-03 1.5630490646e-16 7.4225694721e-02 -9.8380629063e-03 3.9405924044e-03 -2.9071813214e-16 -1.3452679751e-02 -2.5343058442e-02 5.7916711645e-03
-6.8880032805e-17 1.2992156216e-16 7.9161698203e-03 9.9886501341e-01 -1.4822562787e-02 -5.1420186053e-16 -9.8380629063e-03 2.4115967716e-03 1.8428560279e-02 2.1905510034e-16 -2.5343058442e-02 -1.9113211824e-01 4.5348397170e-02
-4.4824517364e-17 4.1023971618e-17 -3.1586222061e-03 -1.4822562787e-02 9.4274399271e-01 -2.5913851263e-17 3.9405924044e-03 1.8428560279e-02 7.2193678485e-02 -8.6646776396e-17 5.7916711645e-03 4.5348397170e-02 -2.1741907000e-02
-2.0670833719e-02 2.1706446588e-02 1.5630490646e-16 -5.1420186053e-16 -2.5913851263e-17 3.2893423538e-02 2.2540936286e-16 1.2207137312e-16 3.9346169874e-17 1.4549527196e-01 -2.0919929296e-16 -6.2247459867e-17 -6.3799239528e-17
-1.7424791140e-16 6.9762546690e-17 7.4225694721e-02 -9.8380629063e-03 3.9405924044e-03 2.2540936286e-16 7.7514011348e-03 1.1999605696e-02 -2.7582237488e-03 9.2692761919e-16 3.5925726774e-03 3.1563066732e-02 -7.9675045618e-03
9.1813024498e-17 -5.0426153234e-16 -9.8380629063e-03 2.4115967716e-03 1.8428560279e-02 1.2207137312e-16 1.1999605696e-02 9.1907037955e-02 -2.1479639050e-02 9.1151838630e-16 3.1563066732e-02 2.2614616671e-01 -5.6845906115e-02
1.6943417845e-16 -2.2275496480e-16 3.9405924044e-03 1.8428560279e-02 7.2193678485e-02 3.9346169874e-17 -2.7582237488e-03 -2.1479639050e-02 1.1665069583e-02 3.1335076254e-16 -7.9675045618e-03 -5.6845906115e-02 1.3387642101e-02
8.0813074743e-02 -3.9795491759e-01 -2.9071813214e-16 2.1905510034e-16 -8.6646776396e-17 1.4549527196e-01 9.2692761919e-16 9.1151838630e-16 3.1335076254e-16 8.5472416394e-01 -1.0624062410e-15 -6.7589212957e-16 -3.6090583095e-16
1.1599441853e-16 1.5535730085e-16 -1.3452679751e-02 -2.5343058442e-02 5.7916711645e-03 -2.0919929296e-16 3.5925726774e-03 3.1563066732e-02 -7.9675045618e-03 -1.0624062410e-15 1.1629650051e-02 8.2825680777e-02 -2.0732739096e-02
-5.8413435035e-17 3.6390290696e-16 -2.5343058442e-02 -1.9113211824e-01 4.5348397170e-02 -6.2247459867e-17 3.1563066732e-02 2.2614616671e-01 -5.6845906115e-02 -6.7589212957e-16 8.2825680777e-02 5.9534610778e-01 -1.4908592245e-01
-1.5494191440e-16 2.4668803370e-16 5.7916711645e-03 4.5348397170e-02 -2.1741907000e-02 -6.3799239528e-17 -7.9675045618e-03 -5.6845906115e-02 1.3387642101e-02 -3.6090583095e-16 -2.0732739096e-02 -1.4908592245e-01 3.7455876004e-02
F 9
1.0396966855e+00 -7.4181140747e-02 1.0190831622e-18 -3.2249234408e-16 4.3769658674e-19 -1.5326871995e-01 1.3036340356e-17 2.9556187450e-16 -4.9992768733e-19
-7.4181140747e-02 2.5567426246e-01 -5.0740330834e-17 1.6991391583e-16 2.3421684273e-19 2.9307335850e-01 3.9769741057e-17 -1.7709306150e-16 -2.5272158955e-20
1.0190831622e-18 -5.0740330834e-17 4.4569382456e-01 -4.4057498501e-03 7.6341768543e-16 -4.0599529497e-17 3.2158713804e-01 9.6372724427e-04 -4.6016973748e-16
-3.2249234408e-16 1.6991391583e-16 -4.4057498501e-03 4.7557160082e-01 2.9416834080e-16 1.8947053865e-16 9.6372724427e-04 3.1505158156e-01 -4.3782706433e-16
4.3769658674e-19 2.3421684273e-19 7.6341768543e-16 2.9416834080e-16 4.4505770032e-01 -4.9439068064e-20 1.9269363983e-16 2.9072996551e-16 3.2172628581e-01
-1.5326871995e-01 2.9307335850e-01 -4.0599529497e-17 1.8947053865e-16 -4.9439068064e-20 3.4051618443e-01 5.5745673563e-17 -2.3485791929e-16 -2.0029317532e-19
1.3036340356e-17 3.9769741057e-17 3.2158713804e-01 9.6372724427e-04 1.9269363983e-16 5.5745673563e-17 2.3207495058e-01 3.4400924166e-03 -5.9505401667e-16
2.9556187450e-16 -1.7709306150e-16 9.6372724427e-04 3.1505158156e-01 2.9072996551e-16 -2.3485791929e-16 3.4400924166e-03 2.0874582045e-01 -2.2977605956e-16
-4.9992768733e-19 -2.5272158955e-20 -4.6016973748e-16 -4.3782706433e-16 3.2172628581e-01 -2.0029317532e-19 -5.9505401667e-16 -2.2977605956e-16 2.3257164836e-01
1.0396966855e+00 -7.4181140747e-02 4.2485274756e-18 -3.4485923866e-16 4.3769658674e-19 -1.5326871995e-01 1.5171946553e-17 2.8077082253e-16 -4.9992768733e-19
-7.4181140747e-02 2.5567426246e-01 -6.0787157950e-17 2.3949750396e-16 2.3421684273e-19 2.9307335850e-01 3.3125853081e-17 -1.3107798040e-16 -2.5272158955e-20
4.2485274756e-18 -6.0787157950e-17 4.3596904009e-01 6.2947394513e-02 2.3925561022e-16 -5.5815816049e-17 3.1515621434e-01 4.5503833375e-02 -9.1045609962e-16
-3.4485923866e-16 2.3949750396e-16 6.2947394513e-02 9.0886602293e-03 3.9244764505e-15 2.9485742390e-16 4.5503833375e-02 6.5700714681e-03 2.6808232720e-15
4.3769658674e-19 2.3421684273e-19 2.3925561022e-16 3.9244764505e-15 4.4505770032e-01 -4.9439068065e-20 -1.5393062961e-16 2.6914242467e-15 3.2172628581e-01
-1.5326871995e-01 2.9307335850e-01 -5.5815816049e-17 2.9485742390e-16 -4.9439068065e-20 3.4051618443e-01 4.5683262605e-17 -1.6516639861e-16 -2.0029317532e-19
1.5171946553e-17 3.3125853081e-17 3.1515621434e-01 4.5503833375e-02 -1.5393062961e-16 4.5683262605e-17 2.2782223117e-01 3.2894115282e-02 -8.9282485646e-16
2.8077082253e-16 -1.3107798040e-16 4.5503833375e-02 6.5700714681e-03 2.6914242467e-15 -1.6516639861e-16 3.2894115282e-02 4.7494171865e-03 1.8325629490e-15
-4.9992768733e-19 -2.5272158955e-20 -9.1045609962e-16 2.6808232720e-15 3.2172628581e-01 -2.0029317532e-19 -8.9282485646e-16 1.8325629490e-15 2.3257164836e-01
He 2
3.5055977239e-01 3.0408468973e-01
3.0408468973e-01 2.6377099089e-01
3.5055977239e-01 3.0408468973e-01
3.0408468973e-01 2.6377099089e-01
Ne 9
1.0405531990e+00 -7.7399988425e-02 -6.9241771108e-17 7.9751128175e-17 -6.5336406283e-19 -1.5354639569e-01 6.1602924510e-17 -7.6233484666e-17 -1.7572463006e-19
-7.7399988425e-02 2.6391856328e-01 1.0632797997e-16 -1.1300081031e-16 1.2540624184e-18 2.9473379328e-01 -1.5582723666e-16 1.0984616892e-16 5.6844592168e-19
-6.9241771108e-17 1.0632797997e-16 4.5942223036e-01 -6.1951691463e-17 8.7715831471e-17 1.9437293563e-16 3.2051027917e-01 8.9572041723e-17 -1.0078252155e-16
7.9751128175e-17 -1.1300081031e-16 -6.1951691463e-17 4.5942223036e-01 1.8635960693e-16 -1.2669553028e-16 -5.6538048753e-17 3.2051027917e-01 -4.9366334711e-17
-6.5336406283e-19 1.2540624184e-18 8.7715831471e-17 1.8635960693e-16 4.5942223036e-01 3.6664099996e-19 4.6365587869e-17 1.0421369870e-16 3.2051027917e-01
-1.5354639569e-01 2.9473379328e-01 1.9437293563e-16 -1.2669553028e-16 3.6664099996e-19 3.3357166257e-01 -1.2405839834e-16 1.2736873351e-16 -9.8973683168e-20
6.1602924510e-17 -1.5582723666e-16 3.2051027917e-01 -5.6538048753e-17 4.6365587869e-17 -1.2405839834e-16 2.2360006169e-01 5.3322831920e-17 -8.0933592058e-17
-7.6233484666e-17 1.0984616892e-16 8.9572041723e-17 3.2051027917e-01 1.0421369870e-16 1.2736873351e-16 5.3322831920e-17 2.2360006169e-01 -5.9390598384e-17
-1.7572463006e-19 5.6844592168e-19 -1.0078252155e-16 -4.9366334711e-17 3.2051027917e-01 -9.8973683168e-20 -8.0933592058e-17 -5.9390598384e-17 2.2360006169e-01
1.0405531990e+00 -7.7399988425e-02 -6.9241771108e-17 7.9751128175e-17 -6.5336406283e-19 -1.5354639569e-01 6.1602924510e-17 -7.6233484666e-17 -1.7572463006e-19
-7.7399988425e-02 2.6391856328e-01 1.0632797997e-16 -1.1300081031e-16 1.2540624184e-18 2.9473379328e-01 -1.5582723666e-16 1.0984616892e-16 5.6844592168e-19
-6.9241771108e-17 1.0632797997e-16 4.5942223036e-01 -6.1951691463e-17 8.7715831471e-17 1.9437293563e-16 3.2051027917e-01 8.9572041723e-17 -1.0078252155e-16
7.9751128175e-17 -1.1300081031e-16 -6.1951691463e-17 4.5942223036e-01 1.8635960693e-16 -1.2669553028e-16 -5.6538048753e-17 3.2051027917e-01 -4.9366334711e-17
-6.5336406283e-19 1.2540624184e-18 8.7715831471e-17 1.8635960693e-16 4.5942223036e-01 3.6664099996e-19 4.6365587869e-17 1.0421369870e-16 3.2051027917e-01
-1.5354639569e-01 2.9473379328e-01 1.9437293563e-16 -1.2669553028e-16 3.6664099996e-19 3.3357166257e-01 -1.2405839834e-16 1.2736873351e-16 -9.8973683168e-20
6.1602924510e-17 -1.5582723666e-16 3.2051027917e-01 -5.6538048753e-17 4.6365587869e-17 -1.2405839834e-16 2.2360006169e-01 5.3322831920e-17 -8.0933592058e-17
-7.6233484666e-17 1.0984616892e-16 8.9572041723e-17 3.2051027917e-01 1.0421369870e-16 1.2736873351e-16 5.3322831920e-17 2.2360006169e-01 -5.9390598384e-17
-1.7572463006e-19 5.6844592168e-19 -1.0078252155e-16 -4.9366334711e-17 3.2051027917e-01 -9.8973683168e-20 -8.0933592058e-17 -5.9390598384e-17 2.2360006169e-01
S 13
1.0698649525e+00 -2.8852558587e-01 7.3326761052e-17 1.8120931899e-17 5.6944623553e-17 1.8840264936e-03 -2.6147945447e-16 -3.1679553294e-17 -1.8752220477e-16 6.8750404724e-02 2.2994603612e-16 1.3635955450e-17 1.8518350766e-16
-2.8852558587e-01 1.1648409353e+00 -1.7496930838e-16 -7.6206454435e-17 -4.2048597135e-17 -5.6674694394e-02 8.5462362630e-16 3.5191462685e-16 2.3475221319e-16 -2.6086027566e-01 -7.9676533538e-16 -2.9444702348e-16 -2.8687422774e-16
7.3326761052e-17 -1.7496930838e-16 1.0235108967e+00 4.1157664853e-03 -1.7397648989e-02 2.0545101565e-16 -5.9035163371e-02 -7.4743045283e-03 3.1594437411e-02 5.9765372022e-18 -1.6969143068e-01 -9.5211181715e-03 4.0246469891e-02
1.8120931899e-17 -7.6206454435e-17 4.1157664853e-03 1.0246824810e+00 1.5096795105e-02 3.1914179580e-16 -7.4743045283e-03 -6.1162781169e-02 -2.7416046177e-02 3.4448061398e-17 -9.5211181715e-03 -1.7240168959e-01 -3.4923839998e-02
5.6944623553e-17 -4.2048597135e-17 -1.7397648989e-02 1.5096795105e-02 9.6443866566e-01 1.1961950958e-17 3.1594437411e-02 -2.7416046177e-02 4.8241050008e-02 5.4392034714e-17 4.0246469891e-02 -3.4923839998e-02 -3.3037980088e-02
1.8840264936e-03 -5.6674694394e-02 2.0545101565e-16 3.1914179580e-16 1.1961950958e-17 1.5506385440e-01 -4.5966807467e-16 -3.6500172223e-16 -9.8653734138e-17 2.6740274890e-01 2.9887983899e-16 1.6864575043e-16 1.7517692625e-16
-2.6147945447e-16 8.5462362630e-16 -5.9035163371e-02 -7.4743045283e-03 3.1594437411e-02 -4.5966807467e-16 2.1858735685e-01 1.3094335589e-02 -5.5350723890e-02 -7.5610338420e-16 2.8988931044e-01 1.7761369035e-02 -7.5078619043e-02
-3.1679553294e-17 3.5191462685e-16 -7.4743045283e-03 -6.1162781169e-02 -2.7416046177e-02 -3.6500172223e-16 1.3094335589e-02 2.2231475936e-01 4.8030543552e-02 -5.3593270414e-16 1.7761369035e-02 2.9494521962e-01 6.5149407784e-02
-1.8752220477e-16 2.3475221319e-16 3.1594437411e-02 -2.7416046177e-02 4.8241050008e-02 -9.8653734138e-17 -5.5350723890e-02 4.8030543552e-02 3.0648702035e-02 -2.0644692305e-16 -7.5078619043e-02 6.5149407784e-02 3.4966272820e-02
6.8750404724e-02 -2.6086027566e-01 5.9765372022e-18 3.4448061398e-17 5.4392034714e-17 2.6740274890e-01 -7.5610338420e-16 -5.3593270414e-16 -2.0644692305e-16 4.8498574700e-01 8.2511555199e-16 5.3038525345e-16 3.2800888555e-16
2.2994603612e-16 -7.9676533538e-16 -1.6969143068e-01 -9.5211181715e-03 4.0246469891e-02 2.9887983899e-16 2.8988931044e-01 1.7761369035e-02 -7.5078619043e-02 8.2511555199e-16 3.9274732995e-01 2.3975585124e-02 -1.0134656953e-01
1.3635955450e-17 -2.9444702348e-16 -9.5211181715e-03 -1.7240168959e-01 -3.4923839998e-02 1.6864575043e-16 1.7761369035e-02 2.9494521962e-01 6.5149407784e-02 5.3038525345e-16 2.3975585124e-02 3.9957216314e-01 8.7943399469e-02
1.8518350766e-16 -2.8687422774e-16 4.0246469891e-02 -3.4923839998e-02 -3.3037980088e-02 1.7517692625e-16 -7.5078619043e-02 6.5149407784e-02 3.4966272820e-02 3.2800888555e-16 -1.0134656953e-01 8.7943399469e-02 4.8633710287e-02
1.0698649525e+00 -2.8852558587e-01 7.3326761052e-17 1.8120931899e-17 5.6944623553e-17 1.8840264936e-03 -2.6147945447e-16 -3.1679553294e-17 -1.8752220477e-16 6.8750404724e-02 2.2994603612e-16 1.3635955450e-17 1.8518350766e-16
-2.8852558587e-01 1.1648409353e+00 -1.7496930838e-16 -7.6206454435e-17 -4.2048597135e-17 -5.6674694394e-02 8.5462362630e-16 3.5191462685e-16 2.3475221319e-16 -2.6086027566e-01 -7.9676533538e-16 -2.9444702348e-16 -2.8687422774e-16
7.3326761052e-17 -1.7496930838e-16 1.0235108967e+00 4.1157664853e-03 -1.7397648989e-02 2.0545101565e-16 -5.9035163371e-02 -7.4743045283e-03 3.1594437411e-02 5.9765372022e-18 -1.6969143068e-01 -9.5211181715e-03 4.0246469891e-02
1.8120931899e-17 -7.6206454435e-17 4.1157664853e-03 1.0246824810e+00 1.5096795105e-02 3.1914179580e-16 -7.4743045283e-03 -6.1162781169e-02 -2.7416046177e-02 3.4448061398e-17 -9.5211181715e-03 -1.7240168959e-01 -3.4923839998e-02
5.6944623553e-17 -4.2048597135e-17 -1.7397648989e-02 1.5096795105e-02 9.6443866566e-01 1.1961950958e-17 3.1594437411e-02 -2.7416046177e-02 4.8241050008e-02 5.4392034714e-17 4.0246469891e-02 -3.4923839998e-02 -3.3037980088e-02
1.8840264936e-03 -5.6674694394e-02 2.0545101565e-16 3.1914179580e-16 1.1961950958e-17 1.5506385440e-01 -4.5966807467e-16 -3.6500172223e-16 -9.8653734138e-17 2.6740274890e-01 2.9887983899e-16 1.6864575043e-16 1.7517692625e-16
-2.6147945447e-16 8.5462362630e-16 -5.9035163371e-02 -7.4743045283e-03 3.1594437411e-02 -4.5966807467e-16 2.1858735685e-01 1.3094335589e-02 -5.5350723890e-02 -7.5610338420e-16 2.8988931044e-01 1.7761369035e-02 -7.5078619043e-02
-3.1679553294e-17 3.5191462685e-16 -7.4743045283e-03 -6.1162781169e-02 -2.7416046177e-02 -3.6500172223e-16 1.3094335589e-02 2.2231475936e-01 4.8030543552e-02 -5.3593270414e-16 1.7761369035e-02 2.9494521962e-01 6.5149407784e-02
-1.8752220477e-16 2.3475221319e-16 3.1594437411e-02 -2.7416046177e-02 4.8241050008e-02 -9.8653734138e-17 -5.5350723890e-02 4.8030543552e-02 3.0648702035e-02 -2.0644692305e-16 -7.5078619043e-02 6.5149407784e-02 3.4966272820e-02
6.8750404724e-02 -2.6086027566e-01 5.9765372022e-18 3.4448061398e-17 5.4392034714e-17 2.6740274890e-01 -7.5610338420e-16 -5.3593270414e-16 -2.0644692305e-16 4.8498574700e-01 8.2511555199e-16 5.3038525345e-16 3.2800888555e-16
2.2994603612e-16 -7.9676533538e-16 -1.6969143068e-01 -9.5211181715e-03 4.0246469891e-02 2.9887983899e-16 2.8988931044e-01 1.7761369035e-02 -7.5078619043e-02 8.2511555199e-16 3.9274732995e-01 2.3975585124e-02 -1.0134656953e-01
1.3635955450e-17 -2.9444702348e-16 -9.5211181715e-03 -1.7240168959e-01 -3.4923839998e-02 1.6864575043e-16 1.7761369035e-02 2.9494521962e-01 6.5149407784e-02 5.3038525345e-16 2.3975585124e-02 3.9957216314e-01 8.7943399469e-02
1.8518350766e-16 -2.8687422774e-16 4.0246469891e-02 -3.4923839998e-02 -3.3037980088e-02 1.7517692625e-16 -7.5078619043e-02 6.5149407784e-02 3.4966272820e-02 3.2800888555e-16 -1.0134656953e-01 8.7943399469e-02 4.8633710287e-02
O 9
1.0373638098e+00 -7.3113536076e-02 5.6732638328e-17 7.7381833422e-17 5.2843335023e-17 -1.4621983852e-01 -8.6076882674e-17 -8.7866182180e-17 -5.6871271882e-17
-7.3113536076e-02 2.6469716212e-01 -1.2549383625e-16 -1.5678779845e-16 -1.0623567920e-16 2.9297747596e-01 1.9148682084e-16 1.4598150916e-16 9.4099153868e-17
5.6732638328e-17 -1.2549383625e-16 4.4421483541e-01 -8.4142836670e-03 1.3216973848e-02 -1.9916288261e-16 3.2088352245e-01 -6.0781513060e-03 9.5474279255e-03
7.7381833422e-17 -1.5678779845e-16 -8.4142836670e-03 3.1665361934e-01 2.0123845156e-01 -1.4012276090e-16 -6.0781513059e-03 2.2873826057e-01 1.4536683164e-01
5.2843335023e-17 -1.0623567920e-16 1.3216973848e-02 2.0123845156e-01 1.2866648562e-01 -9.8888620594e-17 9.5474279255e-03 1.4536683164e-01 9.2943665623e-02
-1.4621983852e-01 2.9297747596e-01 -1.9916288261e-16 -1.4012276090e-16 -9.8888620594e-17 3.2847071936e-01 1.7156854488e-16 1.9034885193e-16 1.2073085791e-16
-8.6076882674e-17 1.9148682084e-16 3.2088352245e-01 -6.0781513059e-03 9.5474279255e-03 1.7156854488e-16 2.3179377808e-01 -4.3906201359e-03 6.8966906525e-03
-8.7866182180e-17 1.4598150916e-16 -6.0781513060e-03 2.2873826057e-01 1.4536683164e-01 1.9034885193e-16 -4.3906201359e-03 1.6523162425e-01 1.0500734614e-01
-5.6871271882e-17 9.4099153868e-17 9.5474279255e-03 1.4536683164e-01 9.2943665623e-02 1.2073085791e-16 6.8966906525e-03 1.0500734614e-01 6.7138889648e-02
1.0373638098e+00 -7.3113536076e-02 5.6732638328e-17 7.7381833422e-17 5.2843335023e-17 -1.4621983852e-01 -8.6076882674e-17 -8.7866182180e-17 -5.6871271882e-17
-7.3113536076e-02 2.6469716212e-01 -1.2549383625e-16 -1.5678779845e-16 -1.0623567920e-16 2.9297747596e-01 1.9148682084e-16 1.4598150916e-16 9.4099153868e-17
5.6732638328e-17 -1.2549383625e-16 4.4421483541e-01 -8.4142836670e-03 1.3216973848e-02 -1.9916288261e-16 3.2088352245e-01 -6.0781513060e-03 9.5474279255e-03
7.7381833422e-17 -1.5678779845e-16 -8.4142836670e-03 3.1665361934e-01 2.0123845156e-01 -1.4012276090e-16 -6.0781513059e-03 2.2873826057e-01 1.4536683164e-01
5.2843335023e-17 -1.0623567920e-16 1.3216973848e-02 2.0123845156e-01 1.2866648562e-01 -9.8888620594e-17 9.5474279255e-03 1.4536683164e-01 9.2943665623e-02
-1.4621983852e-01 2.9297747596e-01 -1.9916288261e-16 -1.4012276090e-16 -9.8888620594e-17 3.2847071936e-01 1.7156854488e-16 1.9034885193e-16 1.2073085791e-16
-8.6076882674e-17 1.9148682084e-16 3.2088352245e-01 -6.0781513059e-03 9.5474279255e-03 1.7156854488e-16 2.3179377808e-01 -4.3906201359e-03 6.8966906525e-03
-8.7866182180e-17 1.4598150916e-16 -6.0781513060e-03 2.2873826057e-01 1.4536683164e-01 1.9034885193e-16 -4.3906201359e-03 1.6523162425e-01 1.0500734614e-01
-5.6871271882e-17 9.4099153868e-17 9.5474279255e-03 1.4536683164e-01 9.2943665623e-02 1.2073085791e-16 6.8966906525e-03 1.0500734614e-01 6.7138889648e-02
Cl 13
1.0723977175e+00 -2.9370388195e-01 -5.0268385467e-17 1.3938352016e-16 -6.1410674244e-17 8.0365637423e-03 1.3986727383e-16 -4.1535281303e-16 4.3447310359e-17 6.7167760225e-02 -1.1915221753e-16 3.7800465698e-16 -2.7211849380e-17
-2.9370388195e-01 1.1692143519e+00 2.3921007507e-16 -3.5738993405e-16 3.3330518205e-16 -8.3754599731e-02 -6.1088097699e-16 1.4117596164e-15 -1.2276601150e-15 -2.4933919243e-01 5.2334606797e-16 -1.3067507822e-15 1.1330446160e-15
-5.0268385467e-17 2.3921007507e-16 1.0400110786e+00 9.6703929174e-04 -4.8599795131e-04 -9.5410169632e-17 -1.0082159062e-01 -3.1817889674e-03 1.5990486973e-03 -1.9266377427e-16 -1.7488229310e-01 6.6273800487e-05 -3.3306745174e-05
1.3938352016e-16 -3.5738993405e-16 9.6703929174e-04 1.0395499228e+00 -3.8374214728e-04 6.9278636873e-16 -3.1817889674e-03 -9.9304278620e-02 1.2626028135e-03 2.4036461691e-17 6.6273800489e-05 -1.7491389735e-01 -2.6298880228e-05
-6.1410674244e-17 3.3330518205e-16 -4.8599795131e-04 -3.8374214728e-04 1.0389792068e+00 -5.9572998782e-17 1.5990486973e-03 1.2626028135e-03 -9.7426487241e-02 -1.2039081079e-16 -3.3306745170e-05 -2.6298880224e-05 -1.7495301005e-01
8.0365637423e-03 -8.3754599731e-02 -9.5410169632e-17 6.9278636873e-16 -5.9572998782e-17 2.1232139424e-01 1.6740985126e-16 -9.3186434443e-16 1.9655473348e-16 2.8556987356e-01 -1.0578331999e-16 8.5143408433e-16 -2.0327027754e-16
1.3986727383e-16 -6.1088097699e-16 -1.0082159062e-01 -3.1817889674e-03 1.5990486973e-03 1.6740985126e-16 3.1572982283e-01 1.0413302549e-02 -5.2333382403e-03 2.7323653418e-16 3.2181842511e-01 5.2249011812e-04 -2.6258408438e-04
-4.1535281303e-16 1.4117596164e-15 -3.1817889674e-03 -9.9304278620e-02 1.2626028135e-03 -9.3186434443e-16 1.0413302549e-02 3.1076399099e-01 -4.1322241140e-03 -1.4141867705e-15 5.2249011811e-04 3.2156926323e-01 -2.0733540154e-04
4.3447310359e-17 -1.2276601150e-15 1.5990486973e-03 1.2626028135e-03 -9.7426487241e-02 1.9655473348e-16 -5.2333382403e-03 -4.1322241140e-03 3.0461838864e-01 4.2220961837e-16 -2.6258408438e-04 -2.0733540154e-04 3.2126090606e-01
6.7167760225e-02 -2.4933919243e-01 -1.9266377427e-16 2.4036461691e-17 -1.2039081079e-16 2.8556987356e-01 2.7323653418e-16 -1.4141867705e-15 4.2220961837e-16 4.0099227614e-01 -2.1310021408e-16 1.2975703354e-15 -3.6931008815e-16
-1.1915221753e-16 5.2334606797e-16 -1.7488229310e-01 6.6273800489e-05 -3.3306745170e-05 -1.0578331999e-16 3.2181842511e-01 5.2249011811e-04 -2.6258408438e-04 -2.1310021408e-16 3.3359238502e-01 -9.8697845817e-03 4.9601863415e-03
3.7800465698e-16 -1.3067507822e-15 6.6273800487e-05 -1.7491389735e-01 -2.6298880224e-05 8.5143408433e-16 5.2249011812e-04 3.2156926323e-01 -2.0733540154e-04 1.2975703354e-15 -9.8697845817e-03 3.3829902734e-01 3.9165444061e-03
-2.7211849380e-17 1.1330446160e-15 -3.3306745174e-05 -2.6298880228e-05 -1.7495301005e-01 -2.0327027754e-16 -2.6258408438e-04 -2.0733540154e-04 3.2126090606e-01 -3.6931008815e-16 4.9601863415e-03 3.9165444061e-03 3.4412386255e-01
1.0723977175e+00 -2.9370388195e-01 -4.2791509631e-17 1.4528723309e-16 -6.4377660604e-17 8.0365637423e-03 1.2497462164e-16 -4.2711199497e-16 4.9357037480e-17 6.7167760225e-02 -1.3407109099e-16 3.6622477083e-16 -2.1291717090e-17
-2.9370388195e-01 1.1692143519e+00 1.9704490893e-16 -3.9068339002e-16 3.5003723371e-16 -8.3754599731e-02 -5.2689520974e-16 1.4780744611e-15 -1.2609874875e-15 -2.4933919243e-01 6.0747970771e-16 -1.2403191779e-15 1.0996585645e-15
-4.2791509631e-17 1.9704490893e-16 9.9436350230e-01 -3.5076114571e-02 1.7627949523e-02 -4.4359123805e-17 -9.8994606399e-03 6.8609981554e-02 -3.4480822816e-02 -1.2325768130e-16 -8.3800077875e-02 7.1984447028e-02 -3.6176703553e-02
1.4528723309e-16 -3.9068339002e-16 -3.5076114571e-02 1.0110903846e+00 1.3918962382e-02 7.3309608175e-16 6.8609981554e-02 -4.2617767695e-02 -2.7225927499e-02 7.8839250638e-17 7.1984447028e-02 -1.1812757932e-01 -2.8564988526e-02
-6.4377660604e-17 3.5003723371e-16 1.7627949523e-02 1.3918962382e-02 1.0317911999e+00 -7.9831160072e-17 -3.4480822816e-02 -2.7225927499e-02 -8.3109212353e-02 -1.4793265255e-16 -3.6176703553e-02 -2.8564988526e-02 -1.6061052695e-01
8.0365637423e-03 -8.3754599731e-02 -4.4359123805e-17 7.3309608175e-16 -7.9831160072e-17 2.1232139424e-01 6.5724938198e-17 -1.0121543678e-15 2.3690551056e-16 2.8556987356e-01 -2.0764726817e-16 7.7100269548e-16 -1.6284845545e-16
1.2497462164e-16 -5.2689520974e-16 -9.8994606399e-03 6.8609981554e-02 -3.4480822816e-02 6.5724938198e-17 1.3462855972e-01 -1.3258357098e-01 6.6631567532e-02 1.3499152047e-16 1.4039829969e-01 -1.4272615589e-01 7.1728853163e-02
-4.2711199497e-16 1.4780744611e-15 6.8609981554e-02 -4.2617767695e-02 -2.7225927499e-02 -1.0121543678e-15 -1.3258357098e-01 1.9785419960e-01 5.2612034130e-02 -1.5233445114e-15 -1.4272615589e-01 2.0846067324e-01 5.6636831617e-02
4.9357037480e-17 -1.2609874875e-15 -3.4480822816e-02 -2.7225927499e-02 -8.3109212353e-02 2.3690551056e-16 6.6631567532e-02 5.2612034130e-02 2.7610083668e-01 4.7706823567e-16 7.1728853163e-02 5.6636831617e-02 2.9269314366e-01
6.7167760225e-02 -2.4933919243e-01 -1.2325768130e-16 7.8839250638e-17 -1.4793265255e-16 2.8556987356e-01 1.3499152047e-16 -1.5233445114e-15 4.7706823567e-16 4.0099227614e-01 -3.5158863374e-16 1.1882204021e-15 -3.1435488210e-16
-1.3407109099e-16 6.0747970771e-16 -8.3800077875e-02 7.1984447028e-02 -3.6176703553e-02 -2.0764726817e-16 1.4039829969e-01 -1.4272615589e-01 7.1728853163e-02 -3.5158863374e-16 1.5185283588e-01 -1.5337064636e-01 7.7078377846e-02
3.6622477083e-16 -1.2403191779e-15 7.1984447028e-02 -1.1812757932e-01 -2.8564988526e-02 7.7100269548e-16 -1.4272615589e-01 2.0846067324e-01 5.6636831617e-02 1.1882204021e-15 -1.5337064636e-01 2.2499128873e-01 6.0860796107e-02
-2.1291717090e-17 1.0996585645e-15 -3.6176703553e-02 -2.8564988526e-02 -1.6061052695e-01 -1.6284845545e-16 7.1728853163e-02 5.6636831617e-02 2.9269314366e-01 -3.1435488210e-16 7.7078377846e-02 6.0860796107e-02 3.1550580132e-01
