N 15
1.0421159038e+00 -9.6313835717e-02 8.8144800744e-17 -1.2258095165e-16 -3.5897642580e-16 -1.2766377282e-01 -1.6301374394e-16 1.2700624262e-16 2.3389033124e-16 -2.0076117622e-03 -1.9669226891e-03 -1.8979343467e-03 6.3168496194e-05 -5.9925420418e-05 2.9729347796e-05
-9.6313835717e-02 2.7539586766e-01 -2.2449578846e-16 -1.2698478755e-16 -3.7779908203e-16 2.9518010074e-01 3.0385988674e-16 1.0326465414e-16 5.6999258899e-16 2.8755793537e-04 -1.8122488854e-04 -1.2913880588e-03 -7.3362574572e-04 8.4386249167e-04 -4.1069367140e-04
8.8144800744e-17 -2.2449578846e-16 4.2137330689e-01 2.6512869719e-02 9.3172163573e-02 4.0616666258e-16 3.0170899198e-01 3.1081380465e-03 6.8290920405e-02 7.0792583398e-17 -2.5603421562e-16 -6.6727528664e-16 -4.3170823333e-16 5.4423148210e-16 -3.3229887337e-16
-1.2258095165e-16 -1.2698478755e-16 2.6512869719e-02 4.6156371999e-01 -3.9861976811e-02 -3.2330849474e-16 3.1081380465e-03 3.0934642693e-01 -3.0049576441e-02 1.6332153290e-16 1.3556174156e-16 -7.2529564681e-17 -1.3832006112e-16 4.8142100956e-17 -2.3004363074e-16
-3.5897642580e-16 -3.7779908203e-16 9.3172163573e-02 -3.9861976811e-02 2.5147882444e-02 -2.2691322689e-16 6.8290920405e-02 -3.0049576441e-02 1.8515021453e-02 4.6810820632e-19 -7.0442905673e-17 -1.4172861538e-16 -8.3403911696e-17 1.1779727857e-16 -5.2119772349e-17
-1.2766377282e-01 2.9518010074e-01 4.0616666258e-16 -3.2330849474e-16 -2.2691322689e-16 3.1697749263e-01 7.9834831625e-16 -4.4422674375e-17 7.2262949103e-16 3.5441697289e-04 -1.4505674997e-04 -1.3272384631e-03 -7.8164342176e-04 8.9878691988e-04 -4.3743814578e-04
-1.6301374394e-16 3.0385988674e-16 3.0170899198e-01 3.1081380465e-03 6.8290920405e-02 7.9834831625e-16 2.1657573716e-01 -8.4463126527e-03 5.0082851175e-02 4.5816750881e-17 -1.8872299952e-16 -4.7872233763e-16 -3.0648579820e-16 3.9059281427e-16 -2.3139041387e-16
1.2700624262e-16 1.0326465414e-16 3.1081380465e-03 3.0934642693e-01 -3.0049576441e-02 -4.4422674375e-17 -8.4463126527e-03 2.0784024622e-01 -2.2584635078e-02 1.0698326095e-16 9.9393920091e-17 -2.6944718927e-17 -7.8440721492e-17 1.3975801103e-17 -1.4333675991e-16
2.3389033124e-16 5.6999258899e-16 6.8290920405e-02 -3.0049576441e-02 1.8515021453e-02 7.2262949103e-16 5.0082851175e-02 -2.2584635078e-02 1.3632840559e-02 -5.5984111455e-19 -5.4059506471e-17 -1.0964297881e-16 -6.3337582953e-17 8.9094197033e-17 -3.9175014651e-17
-2.0076117622e-03 2.8755793537e-04 7.0792583398e-17 1.6332153290e-16 4.6810820632e-19 3.5441697289e-04 4.5816750881e-17 1.0698326095e-16 -5.5984111455e-19 3.9066659074e-06 3.6502731305e-06 3.0948491768e-06 -4.0028300279e-07 4.3634763577e-07 -2.1343086688e-07
-1.9669226891e-03 -1.8122488854e-04 -2.5603421562e-16 1.3556174156e-16 -7.0442905673e-17 -1.4505674997e-04 -1.8872299952e-16 9.9393920091e-17 -5.4059506471e-17 3.6502731305e-06 4.2069146811e-06 5.5802496563e-06 8.7214423726e-07 -1.0288347923e-06 4.9957974392e-07
-1.8979343467e-03 -1.2913880588e-03 -6.6727528664e-16 -7.2529564681e-17 -1.4172861538e-16 -1.3272384631e-03 -4.7872233763e-16 -2.6944718927e-17 -1.0964297881e-16 3.0948491768e-06 5.5802496563e-06 1.1529902862e-05 3.8907331520e-06 -4.5050375501e-06 2.1912103487e-06
6.3168496194e-05 -7.3362574572e-04 -4.3170823333e-16 -1.3832006112e-16 -8.3403911696e-17 -7.8164342176e-04 -3.0648579820e-16 -7.8440721492e-17 -6.3337582953e-17 -4.0028300279e-07 8.7214423726e-07 3.8907331520e-06 1.9913935132e-06 -2.2930684804e-06 1.1158895423e-06
-5.9925420418e-05 8.4386249167e-04 5.4423148210e-16 4.8142100956e-17 1.1779727857e-16 8.9878691988e-04 3.9059281427e-16 1.3975801103e-17 8.9094197033e-17 4.3634763577e-07 -1.0288347923e-06 -4.5050375501e-06 -2.2930684804e-06 2.6406018288e-06 -1.2850047705e-06
2.9729347796e-05 -4.1069367140e-04 -3.3229887337e-16 -2.3004363074e-16 -5.2119772349e-17 -4.3743814578e-04 -2.3139041387e-16 -1.4333675991e-16 -3.9175014651e-17 -2.1343086688e-07 4.9957974392e-07 2.1912103487e-06 1.1158895423e-06 -1.2850047705e-06 6.2532641604e-07
1.0421159038e+00 -9.6313835717e-02 1.0927616275e-16 -8.3023621570e-17 -3.5810468698e-16 -1.2766377282e-01 -1.4920301119e-16 1.5285955551e-16 2.3446006980e-16 -2.0076117622e-03 -1.9669226891e-03 -1.8979343467e-03 6.3168496194e-05 -5.9925420418e-05 2.9729347796e-05
-9.6313835717e-02 2.7539586766e-01 -2.6619717988e-16 -2.0504864849e-16 -3.7951940285e-16 2.9518010074e-01 2.7660528897e-16 5.2244794641e-17 5.6886824637e-16 2.8755793537e-04 -1.8122488854e-04 -1.2913880588e-03 -7.3362574572e-04 8.4386249167e-04 -4.1069367140e-04
1.0927616275e-16 -2.6619717988e-16 3.1599156946e-01 -1.7075885234e-01 8.8824817099e-02 2.9564972594e-16 2.3283510626e-01 -1.2582188695e-01 6.5449643999e-02 -1.2804034644e-17 -2.5465786917e-16 -4.8691478422e-16 -2.7726691728e-16 4.0190515489e-16 -1.6227820250e-16
-8.3023621570e-17 -2.0504864849e-16 -1.7075885234e-01 9.2276467067e-02 -4.8000090171e-02 -5.3019316887e-16 -1.2582188695e-01 6.7992956430e-02 -3.5368367942e-02 6.8309568124e-18 1.3813822435e-16 2.6510034892e-16 1.5078984651e-16 -2.1828887985e-16 8.8230401807e-17
-3.5810468698e-16 -3.7951940285e-16 8.8824817099e-02 -4.8000090171e-02 2.4968539972e-02 -2.3147241738e-16 6.5449643999e-02 -3.5368367942e-02 1.8397809370e-02 -2.9805297789e-18 -7.0386126814e-17 -1.3428814597e-16 -7.7032694756e-17 1.1192584514e-16 -4.5105855308e-17
-1.2766377282e-01 2.9518010074e-01 2.9564972594e-16 -5.3019316887e-16 -2.3147241738e-16 3.1697749263e-01 7.2611824062e-16 -1.7963539482e-16 7.1964976065e-16 3.5441697289e-04 -1.4505674997e-04 -1.3272384631e-03 -7.8164342176e-04 8.9878691988e-04 -4.3743814578e-04
-1.4920301119e-16 2.7660528897e-16 2.3283510626e-01 -1.2582188695e-01 6.5449643999e-02 7.2611824062e-16 1.7156212996e-01 -9.2710550688e-02 4.8225890460e-02 -8.8191287123e-18 -1.8782346674e-16 -3.6084490521e-16 -2.0554825616e-16 2.9757321302e-16 -1.2027074037e-16
1.5285955551e-16 5.2244794641e-17 -1.2582188695e-01 6.7992956430e-02 -3.5368367942e-02 -1.7963539482e-16 -9.2710550688e-02 5.0099903812e-02 -2.6060814604e-02 4.7063929073e-18 1.0107782079e-16 1.9371860142e-16 1.1051158869e-16 -1.6015434110e-16 6.4676221086e-17
2.3446006980e-16 5.6886824637e-16 6.5449643999e-02 -3.5368367942e-02 1.8397809370e-02 7.1964976065e-16 4.8225890460e-02 -2.6060814604e-02 1.3556234766e-02 -2.8137525064e-18 -5.4022397758e-17 -1.0478014344e-16 -5.9173574292e-17 8.5256829712e-17 -3.4590959268e-17
-2.0076117622e-03 2.8755793537e-04 -1.2804034644e-17 6.8309568124e-18 -2.9805297789e-18 3.5441697289e-04 -8.8191287123e-18 4.7063929073e-18 -2.8137525064e-18 3.9066659074e-06 3.6502731305e-06 3.0948491768e-06 -4.0028300279e-07 4.3634763577e-07 -2.1343086688e-07
-1.9669226891e-03 -1.8122488854e-04 -2.5465786917e-16 1.3813822435e-16 -7.0386126814e-17 -1.4505674997e-04 -1.8782346674e-16 1.0107782079e-16 -5.4022397758e-17 3.6502731305e-06 4.2069146811e-06 5.5802496563e-06 8.7214423726e-07 -1.0288347923e-06 4.9957974392e-07
-1.8979343467e-03 -1.2913880588e-03 -4.8691478422e-16 2.6510034892e-16 -1.3428814597e-16 -1.3272384631e-03 -3.6084490521e-16 1.9371860142e-16 -1.0478014344e-16 3.0948491768e-06 5.5802496563e-06 1.1529902862e-05 3.8907331520e-06 -4.5050375501e-06 2.1912103487e-06
6.3168496194e-05 -7.3362574572e-04 -2.7726691728e-16 1.5078984651e-16 -7.7032694756e-17 -7.8164342176e-04 -2.0554825616e-16 1.1051158869e-16 -5.9173574292e-17 -4.0028300279e-07 8.7214423726e-07 3.8907331520e-06 1.9913935132e-06 -2.2930684804e-06 1.1158895423e-06
-5.9925420418e-05 8.4386249167e-04 4.0190515489e-16 -2.1828887985e-16 1.1192584514e-16 8.9878691988e-04 2.9757321302e-16 -1.6015434110e-16 8.5256829712e-17 4.3634763577e-07 -1.0288347923e-06 -4.5050375501e-06 -2.2930684804e-06 2.6406018288e-06 -1.2850047705e-06
2.9729347796e-05 -4.1069367140e-04 -1.6227820250e-16 8.8230401807e-17 -4.5105855308e-17 -4.3743814578e-04 -1.2027074037e-16 6.4676221086e-17 -3.4590959268e-17 -2.1343086688e-07 4.9957974392e-07 2.1912103487e-06 1.1158895423e-06 -1.2850047705e-06 6.2532641604e-07
Se 35
1.1046092821e+00 3.6870698139e-01 1.1031108296e-15 9.5748544997e-16 -6.7725629429e-16 -1.6308548149e-01 5.0827449729e-16 -4.6899259489e-16 -1.5945161418e-16 3.6772548088e-02 7.9991631913e-16 1.0463676785e-15 -8.0407434954e-17 -9.0883813746e-03 -9.6863004438e-16 -7.1463630812e-16 5.4771177772e-17 -6.4284626057e-03 -6.3268570201e-03 -6.2483296892e-03 -3.0365601788e-04 -1.6112161598e-04 -1.1595229694e-04 5.9324670072e-05 5.2713295658e-05 4.7603858461e-05 1.9758486354e-05 1.0482295762e-05 7.5453576370e-06 1.2070589273e-03 1.1765599200e-03 1.1529517487e-03 9.1235578027e-05 4.8381798912e-05 3.4791208199e-05
3.6870698139e-01 1.3144741473e+00 -1.4503400508e-15 1.0517181842e-14 -4.2425527617e-15 -5.6785882105e-01 2.0573687331e-15 -3.2190268834e-16 -2.0380044672e-16 1.1926350247e-01 1.7754284500e-15 1.8355158323e-15 -1.5956868710e-16 -3.2430648306e-02 -2.0116178734e-15 -1.5454853826e-15 2.2796292247e-16 -3.6571207783e-03 -3.2518494187e-03 -2.9386339690e-03 -1.2111747968e-03 -6.4265971496e-04 -4.6249735757e-04 7.6716651296e-04 7.4915878280e-04 7.3524200277e-04 5.3817150107e-05 2.8548924252e-05 2.0552207569e-05 1.6704472833e-03 1.5676148539e-03 1.4880054639e-03 3.0764094644e-04 1.6313264075e-04 1.1730007580e-04
1.1031108296e-15 -1.4503400508e-15 1.1591079752e+00 -4.0884369873e-03 -2.1695070867e-03 -3.3233707076e-14 -4.3477666612e-01 1.3663086021e-02 7.2502454543e-03 -1.1678281894e-14 2.3585762910e-02 -3.2193539448e-02 -1.7083415296e-02 1.7955971912e-15 1.5420371943e-02 -1.4913488297e-02 -7.9135082136e-03 -8.3288797251e-15 -6.6183178252e-15 -9.6916575381e-15 -1.4087961013e-15 -5.1579959436e-16 3.1042933187e-15 -3.8853450047e-15 -3.0183686403e-15 -4.4225265651e-15 -7.1824467051e-16 -4.5065425569e-16 1.3303766670e-15 -2.0140751878e-15 -7.8876386141e-15 2.4361732553e-15 6.6287324292e-15 2.0270477951e-15 -1.3763752905e-14
9.5748544997e-16 1.0517181842e-14 -4.0884369873e-03 1.1618445252e+00 -1.5616320723e-03 9.0810414300e-14 1.3663086549e-02 -4.4392190031e-01 5.2187932463e-03 5.8221726452e-14 -3.2193553699e-02 4.5134068290e-02 -1.2296644782e-02 -1.4104912052e-15 -1.4913458635e-02 2.5402929120e-02 -5.6968347005e-03 2.3579789153e-14 2.4713894806e-14 2.2148673548e-14 -8.6160028483e-16 -4.8724967113e-16 2.1589797881e-15 1.2780350422e-14 1.4024652575e-14 1.2471341547e-14 1.6048730275e-18 9.3863466944e-17 4.8788722029e-16 1.2232421812e-14 8.5164221419e-15 1.4289350747e-14 4.7757766518e-15 1.2494646756e-15 -9.9301830880e-15
-6.7725629429e-16 -4.2425527617e-15 -2.1695070867e-03 -1.5616320723e-03 1.1639588888e+00 -3.3012053540e-14 7.2502446167e-03 5.2187924442e-03 -4.5098786065e-01 -4.1845111809e-14 -1.7083392798e-02 -1.2296623239e-02 6.1783224571e-02 1.3735580377e-15 -7.9135550108e-03 -5.6968793748e-03 3.3115343086e-02 -7.8911199938e-15 -9.2914735047e-15 -8.4644360241e-15 -2.0617622955e-17 -6.4350712838e-16 1.8109777048e-15 -7.8938218098e-15 -8.0132394779e-15 -5.5709399766e-15 -7.8878240976e-16 9.4996697893e-16 3.2804544449e-15 -8.4330478498e-15 -1.1229290672e-14 -6.2946604985e-15 2.6176762001e-15 3.2550454731e-17 -4.8529162328e-15
-1.6308548149e-01 -5.6785882105e-01 -3.3233707076e-14 9.0810414300e-14 -3.3012053540e-14 1.3780615375e+00 1.1138440929e-14 4.4186529963e-15 2.7311301648e-15 -3.7957070172e-01 -1.6727306097e-15 -1.6709033218e-15 8.6522287202e-16 1.0337784296e-01 2.1654181568e-15 1.9230917710e-15 -6.8093364774e-16 1.3027277043e-03 3.0913772848e-04 -4.5877552863e-04 2.9694214976e-03 1.5755984752e-03 1.1338816632e-03 -7.2438414413e-04 -7.9290020455e-04 -8.4584566426e-04 2.0473727502e-04 1.0863474345e-04 7.8198289187e-05 -4.7703774798e-03 -4.3353937600e-03 -3.9988098746e-03 -1.3009334743e-03 -6.8996468545e-04 -4.9624989881e-04
5.0827449729e-16 2.0573687331e-15 -4.3477666612e-01 1.3663086549e-02 7.2502446167e-03 1.1138440929e-14 1.1900942394e+00 -4.5654251728e-02 -2.4226195201e-02 2.4705811172e-14 -8.6878763302e-02 1.0742196109e-01 5.7003186446e-02 -2.2733018477e-15 -4.9086916391e-02 5.0301794174e-02 2.6691531240e-02 3.2859806705e-15 -1.8922554064e-16 6.0659536777e-15 4.3940805101e-15 1.2040973785e-15 -8.1163486531e-15 3.5758262820e-15 1.4185194393e-15 5.3902055562e-15 2.1228548443e-15 1.0336114376e-15 -3.1895840780e-15 4.7423735784e-15 1.9831042375e-14 -8.1526431084e-15 -1.7666293524e-14 -5.2958937660e-15 3.6104911492e-14
-4.6899259489e-16 -3.2190268834e-16 1.3663086021e-02 -4.4392190031e-01 5.2187924442e-03 4.4186529963e-15 -4.5654251728e-02 1.2206523987e+00 -1.7438226589e-02 5.7626616953e-16 1.0742200452e-01 -1.5878017681e-01 4.1030878201e-02 1.6987994689e-15 5.0301693370e-02 -8.2757114265e-02 1.9214854581e-02 3.8011200000e-16 -1.8899075028e-15 4.3153773516e-15 2.7615685523e-15 1.0665888966e-15 -6.0674314785e-15 7.6669530270e-16 -1.2412846136e-15 1.1401752114e-15 4.6312894802e-16 -4.5774468646e-16 -2.7451885766e-15 -9.7042892501e-16 9.5461560119e-15 -9.5268247134e-15 -1.3264262650e-14 -3.1835831691e-15 2.5800125123e-14
-1.5945161418e-16 -2.0380044672e-16 7.2502454543e-03 5.2187932463e-03 -4.5098786065e-01 2.7311301648e-15 -2.4226195201e-02 -1.7438226589e-02 1.2442628146e+00 1.1754575760e-14 5.7003117963e-02 4.1030812618e-02 -2.1433433582e-01 -1.0212046063e-15 2.6691690074e-02 1.9215006268e-02 -1.0877037560e-01 9.1438424039e-17 8.6355029688e-16 9.4994955661e-16 1.3683985684e-15 -2.1848634576e-17 -3.8387778495e-15 1.7097660686e-15 1.9206513592e-15 1.0599333807e-15 8.2771839315e-16 2.2685345761e-16 -2.2003761062e-15 2.8361613112e-15 8.4470535329e-15 -3.8269997549e-15 -6.6415458776e-15 -2.0294620822e-15 1.4218713678e-14
3.6772548088e-02 1.1926350247e-01 -1.1678281894e-14 5.8221726452e-14 -4.1845111809e-14 -3.7957070172e-01 2.4705811172e-14 5.7626616953e-16 1.1754575760e-14 7.9142513927e-01 -1.7547809653e-16 -2.2280663681e-15 -1.8384838013e-15 -2.1506393872e-01 6.0472517242e-16 -6.5662975122e-16 1.4061587439e-15 -5.3961497254e-04 7.4502281258e-04 1.7379548120e-03 -3.8393813550e-03 -2.0371232886e-03 -1.4660055875e-03 8.1486277754e-04 1.6149760594e-03 2.2332419430e-03 -2.3908923764e-03 -1.2686174520e-03 -9.1317139185e-04 6.8835592213e-03 5.5409319047e-03 4.5025593515e-03 4.0142124048e-03 2.1293696212e-03 1.5319484673e-03
7.9991631913e-16 1.7754284500e-15 2.3585762910e-02 -3.2193553699e-02 -1.7083392798e-02 -1.6727306097e-15 -8.6878763302e-02 1.0742200452e-01 5.7003117963e-02 -1.7547809653e-16 2.3146263884e-01 -2.5075377504e-01 -1.3306230543e-01 2.7637746453e-15 1.1225703646e-01 -1.2171599369e-01 -6.4586108841e-02 -6.5081277480e-16 -6.6738224836e-17 7.5188297543e-16 -2.0591826441e-15 -1.2314982539e-15 -3.0795056641e-16 -5.6868926036e-16 2.1431616607e-16 2.1888147617e-16 -1.0297577966e-15 -5.4816774307e-16 -3.4279739899e-16 9.8887888493e-17 -5.2385858027e-16 -2.4170237145e-16 -1.0819342676e-15 -1.3670230815e-16 5.4497963159e-16
1.0463676785e-15 1.8355158323e-15 -3.2193539448e-02 4.5134068290e-02 -1.2296623239e-02 -1.6709033218e-15 1.0742196109e-01 -1.5878017681e-01 4.1030812618e-02 -2.2280663681e-15 -2.5075377504e-01 3.9930061990e-01 -9.5777009863e-02 -3.4565511109e-15 -1.2171571187e-01 1.9372874565e-01 -4.6493796860e-02 4.8421387728e-16 -5.6003967743e-17 -4.3514762054e-16 7.6213574923e-16 7.2383709775e-16 4.1279637229e-16 5.5139594360e-16 -2.4775267325e-16 4.2692693879e-17 3.3632994680e-16 4.6076229953e-16 3.4619070702e-16 6.3941277487e-17 1.1629528626e-15 1.7100878304e-16 1.1410981206e-15 4.8146929458e-17 3.0045688202e-16
-8.0407434954e-17 -1.5956868710e-16 -1.7083415296e-02 -1.2296644782e-02 6.1783224571e-02 8.6522287202e-16 5.7003186446e-02 4.1030878201e-02 -2.1433433582e-01 -1.8384838013e-15 -1.3306230543e-01 -9.5777009863e-02 5.2898024893e-01 1.2041968618e-15 -6.4586550739e-02 -4.6494219545e-02 2.5667367406e-01 4.6252397840e-16 1.1106949352e-16 -5.0936118026e-16 9.2382951330e-16 1.2415718951e-15 3.8451355575e-15 3.6007329431e-16 -1.2988614507e-16 -2.7574877452e-16 4.6455340502e-16 2.4872447925e-16 2.2790156032e-15 -3.2420413690e-16 -4.2200050588e-17 -1.6417604291e-16 -3.6787645475e-16 -2.7261714630e-17 -9.7601701647e-17
-9.0883813746e-03 -3.2430648306e-02 1.7955971912e-15 -1.4104912052e-15 1.3735580377e-15 1.0337784296e-01 -2.2733018477e-15 1.6987994689e-15 -1.0212046063e-15 -2.1506393872e-01 2.7637746453e-15 -3.4565511109e-15 1.2041968618e-15 5.8456700975e-02 1.1001445832e-15 -1.7726684543e-15 -4.7021595278e-17 -5.6060577759e-04 -1.4959404096e-04 1.6793464768e-04 -1.2280424230e-03 -6.5165317272e-04 -4.6911549345e-04 -5.9664623828e-04 -4.1267162020e-04 -2.7051458229e-04 -5.4975418276e-04 -2.9172750944e-04 -2.0996362216e-04 -1.9030614439e-03 -1.4971206438e-03 -1.1832017612e-03 -1.2136139848e-03 -6.4379807700e-04 -4.6319332319e-04
-9.6863004438e-16 -2.0116178734e-15 1.5420371943e-02 -1.4913458635e-02 -7.9135550108e-03 2.1654181568e-15 -4.9086916391e-02 5.0301693370e-02 2.6691690074e-02 6.0472517242e-16 1.1225703646e-01 -1.2171571187e-01 -6.4586550739e-02 1.1001445832e-15 5.4491045630e-02 -5.9060022237e-02 -3.1338121765e-02 8.5596917430e-16 -6.3860692727e-18 -8.9356590923e-16 1.6942971877e-15 1.3901132700e-15 6.4880828837e-16 3.3069737950e-16 1.0898513105e-16 -5.6280314106e-16 9.2175141368e-16 7.7711808974e-16 2.4837236401e-16 7.8672079939e-17 -4.0041228606e-16 -1.2408216762e-16 -2.3717060771e-16 8.4542390176e-17 3.4235184368e-17
-7.1463630812e-16 -1.5454853826e-15 -1.4913488297e-02 2.5402929120e-02 -5.6968793748e-03 1.9230917710e-15 5.0301794174e-02 -8.2757114265e-02 1.9215006268e-02 -6.5662975122e-16 -1.2171599369e-01 1.9372874565e-01 -4.6494219545e-02 -1.7726684543e-15 -5.9060022237e-02 9.4024996088e-02 -2.2562099584e-02 -3.1033212359e-16 5.5419099855e-16 -1.5153974932e-16 -1.5595665818e-15 -7.0403578617e-16 -2.5732063902e-16 -3.6067193933e-17 1.7677480386e-16 5.0028433644e-17 -8.5171878217e-16 -3.3195832438e-16 -8.0946298121e-17 1.5182072597e-17 5.2671798443e-16 1.6353338724e-16 5.4937617097e-16 -5.8481758914e-18 -7.4739204055e-17
5.4771177772e-17 2.2796292247e-16 -7.9135082136e-03 -5.6968347005e-03 3.3115343086e-02 -6.8093364774e-16 2.6691531240e-02 1.9214854581e-02 -1.0877037560e-01 1.4061587439e-15 -6.4586108841e-02 -4.6493796860e-02 2.5667367406e-01 -4.7021595278e-17 -3.1338121765e-02 -2.2562099584e-02 1.2456692852e-01 -6.1611461055e-16 -4.3380898570e-16 1.0373125623e-15 -1.2694133644e-15 -8.8663358287e-16 -4.1987233929e-15 -2.8171739018e-16 -3.3195438276e-16 5.3211371459e-16 -6.9305545377e-16 -6.7250802786e-16 -2.0707963278e-15 -1.9910189695e-16 -9.0680101217e-17 3.1590801234e-17 -2.0400100512e-16 -7.0576312670e-17 -4.8224767262e-16
-6.4284626057e-03 -3.6571207783e-03 -8.3288797251e-15 2.3579789153e-14 -7.8911199938e-15 1.3027277043e-03 3.2859806705e-15 3.8011200000e-16 9.1438424039e-17 -5.3961497254e-04 -6.5081277480e-16 4.8421387728e-16 4.6252397840e-16 -5.6060577759e-04 8.5596917430e-16 -3.1033212359e-16 -6.1611461055e-16 2.2273589494e-01 -1.1122203291e-01 -1.1144368880e-01 -5.1300070127e-04 -2.7230189643e-04 3.2420779100e-04 1.1736028423e-01 -5.8428104754e-02 -5.8309872555e-02 1.8752552331e-04 9.9521012331e-05 -1.7407434392e-04 1.1888903578e-02 -6.3132313670e-03 -6.3900688622e-03 -1.5370321003e-04 -8.1529187574e-05 1.1504820950e-04
-6.3268570201e-03 -3.2518494187e-03 -6.6183178252e-15 2.4713894806e-14 -9.2914735047e-15 3.0913772848e-04 -1.8922554064e-16 -1.8899075028e-15 8.6355029688e-16 7.4502281258e-04 -6.6738224836e-17 -5.6003967743e-17 1.1106949352e-16 -1.4959404096e-04 -6.3860692727e-18 5.5419099855e-16 -4.3380898570e-16 -1.1122203291e-01 2.2307603886e-01 -1.1173287397e-01 -5.0445479267e-04 4.5551742255e-04 -1.9298929674e-04 -5.8661282875e-02 1.1700206972e-01 -5.8389779240e-02 1.8622228708e-04 -2.4263440245e-04 7.1180312607e-05 -6.0192511137e-03 1.2284682561e-02 -6.1990958685e-03 -1.4999459213e-04 1.6154578158e-04 -5.7138996304e-05
-6.2483296892e-03 -2.9386339690e-03 -9.6916575381e-15 2.2148673548e-14 -8.4644360241e-15 -4.5877552863e-04 6.0659536777e-15 4.3153773516e-15 9.4994955661e-16 1.7379548120e-03 7.5188297543e-16 -4.3514762054e-16 -5.0936118026e-16 1.6793464768e-04 -8.9356590923e-16 -1.5153974932e-16 1.0373125623e-15 -1.1144368880e-01 -1.1173287397e-01 2.2333707877e-01 8.6515890639e-04 -2.6403134110e-04 -1.8937035351e-04 -5.8723280509e-02 -5.8569965724e-02 1.1672550545e-01 -4.5825902672e-04 9.8267258948e-05 7.0623504471e-05 -5.8689425456e-03 -5.9719196270e-03 1.2587783654e-02 3.0722389945e-04 -7.8147940680e-05 -5.6564970534e-05
-3.0365601788e-04 -1.2111747968e-03 -1.4087961013e-15 -8.6160028483e-16 -2.0617622955e-17 2.9694214976e-03 4.3940805101e-15 2.7615685523e-15 1.3683985684e-15 -3.8393813550e-03 -2.0591826441e-15 7.6213574923e-16 9.2382951330e-16 -1.2280424230e-03 1.6942971877e-15 -1.5595665818e-15 -1.2694133644e-15 -5.1300070127e-04 -5.0445479267e-04 8.6515890639e-04 6.6823848698e-01 -5.3440123449e-04 -7.3236090615e-04 8.8438029838e-04 8.8308529760e-04 2.3859883299e-04 3.5145337948e-01 2.4790420920e-04 3.4284439885e-04 -1.0321667175e-03 -1.0284536460e-03 -5.7123632845e-04 3.6493028404e-02 -1.7928255164e-04 -2.4566426110e-04
-1.6112161598e-04 -6.4265971496e-04 -5.1579959436e-16 -4.8724967113e-16 -6.4350712838e-16 1.5755984752e-03 1.2040973785e-15 1.0665888966e-15 -2.1848634576e-17 -2.0371232886e-03 -1.2314982539e-15 7.2383709775e-16 1.2415718951e-15 -6.5165317272e-04 1.3901132700e-15 -7.0403578617e-16 -8.8663358287e-16 -2.7230189643e-04 4.5551742255e-04 -2.6403134110e-04 -5.3440123449e-04 6.6895471841e-01 -1.3681051959e-03 4.6930701255e-04 1.2715870739e-04 4.6803973260e-04 2.4785079338e-04 3.5111900040e-01 6.4423963748e-04 -5.4767328247e-04 -3.0458728012e-04 -5.4428777843e-04 -1.7932448540e-04 3.6739333077e-02 -4.5665417990e-04
-1.1595229694e-04 -4.6249735757e-04 3.1042933187e-15 2.1589797881e-15 1.8109777048e-15 1.1338816632e-03 -8.1163486531e-15 -6.0674314785e-15 -3.8387778495e-15 -1.4660055875e-03 -3.0795056641e-16 4.1279637229e-16 3.8451355575e-15 -4.6911549345e-04 6.4880828837e-16 -2.5732063902e-16 -4.1987233929e-15 3.2420779100e-04 -1.9298929674e-04 -1.8937035351e-04 -7.3236090615e-04 -1.3681051959e-03 6.6987096445e-01 9.2061239762e-05 3.3731551152e-04 3.3673265376e-04 3.4281584366e-04 6.4425655324e-04 3.5068769755e-01 -2.2043726281e-04 -3.9262986865e-04 -3.9207000917e-04 -2.4567032261e-04 -4.5663735639e-04 3.7044723141e-02
5.9324670072e-05 7.6716651296e-04 -3.8853450047e-15 1.2780350422e-14 -7.8938218098e-15 -7.2438414413e-04 3.5758262820e-15 7.6669530270e-16 1.7097660686e-15 8.1486277754e-04 -5.6868926036e-16 5.5139594360e-16 3.6007329431e-16 -5.9664623828e-04 3.3069737950e-16 -3.6067193933e-17 -2.8171739018e-16 1.1736028423e-01 -5.8661282875e-02 -5.8723280509e-02 8.8438029838e-04 4.6930701255e-04 9.2061239762e-05 6.1853809639e-02 -3.0801163608e-02 -3.0712053344e-02 7.0721050881e-04 3.7532171766e-04 -1.3019098892e-04 6.2759239650e-03 -3.3196180057e-03 -3.3580033657e-03 -1.2615864216e-05 -6.6724544223e-06 5.7632888230e-05
5.2713295658e-05 7.4915878280e-04 -3.0183686403e-15 1.4024652575e-14 -8.0132394779e-15 -7.9290020455e-04 1.4185194393e-15 -1.2412846136e-15 1.9206513592e-15 1.6149760594e-03 2.1431616607e-16 -2.4775267325e-16 -1.2988614507e-16 -4.1267162020e-04 1.0898513105e-16 1.7677480386e-16 -3.3195438276e-16 -5.8428104754e-02 1.1700206972e-01 -5.8569965724e-02 8.8308529760e-04 1.2715870739e-04 3.3731551152e-04 -3.0801163608e-02 6.1382542080e-02 -3.0594580557e-02 7.0150396306e-04 -1.8413847910e-04 2.6806766157e-04 -3.1495896576e-03 6.4535322669e-03 -3.2401846635e-03 -9.7350039983e-06 8.1445405183e-05 -3.6294472295e-06
4.7603858461e-05 7.3524200277e-04 -4.4225265651e-15 1.2471341547e-14 -5.5709399766e-15 -8.4584566426e-04 5.3902055562e-15 1.1401752114e-15 1.0599333807e-15 2.2332419430e-03 2.1888147617e-16 4.2692693879e-17 -2.7574877452e-16 -2.7051458229e-04 -5.6280314106e-16 5.0028433644e-17 5.3211371459e-16 -5.8309872555e-02 -5.8389779240e-02 1.1672550545e-01 2.3859883299e-04 4.6803973260e-04 3.3673265376e-04 -3.0712053344e-02 -3.0594580557e-02 6.1020040072e-02 -3.5147037764e-04 3.6984494879e-04 2.6588646238e-04 -3.0566051612e-03 -3.1087963047e-03 6.5888308432e-03 1.5566659084e-04 -4.0273592966e-06 -3.0931972997e-06
1.9758486354e-05 5.3817150107e-05 -7.1824467051e-16 1.6048730275e-18 -7.8878240976e-16 2.0473727502e-04 2.1228548443e-15 4.6312894802e-16 8.2771839315e-16 -2.3908923764e-03 -1.0297577966e-15 3.3632994680e-16 4.6455340502e-16 -5.4975418276e-04 9.2175141368e-16 -8.5171878217e-16 -6.9305545377e-16 1.8752552331e-04 1.8622228708e-04 -4.5825902672e-04 3.5145337948e-01 2.4785079338e-04 3.4281584366e-04 7.0721050881e-04 7.0150396306e-04 -3.5147037764e-04 1.8485049031e-01 4.0966200275e-04 5.6263455714e-04 -5.2068136214e-04 -5.1779806995e-04 -3.5239772388e-04 1.9189090194e-02 -6.6808273938e-05 -9.0070999688e-05
1.0482295762e-05 2.8548924252e-05 -4.5065425569e-16 9.3863466944e-17 9.4996697893e-16 1.0863474345e-04 1.0336114376e-15 -4.5774468646e-16 2.2685345761e-16 -1.2686174520e-03 -5.4816774307e-16 4.6076229953e-16 2.4872447925e-16 -2.9172750944e-04 7.7711808974e-16 -3.3195832438e-16 -6.7250802786e-16 9.9521012331e-05 -2.4263440245e-04 9.8267258948e-05 2.4790420920e-04 3.5111900040e-01 6.4425655324e-04 3.7532171766e-04 -1.8413847910e-04 3.6984494879e-04 4.0966200275e-04 1.8429914696e-01 1.0519966201e-03 -2.7627434534e-04 -1.8815129584e-04 -2.7363011739e-04 -6.6833405734e-05 1.9281698964e-02 -1.6494827358e-04
7.5453576370e-06 2.0552207569e-05 1.3303766670e-15 4.8788722029e-16 3.2804544449e-15 7.8198289187e-05 -3.1895840780e-15 -2.7451885766e-15 -2.2003761062e-15 -9.1317139185e-04 -3.4279739899e-16 3.4619070702e-16 2.2790156032e-15 -2.0996362216e-04 2.4837236401e-16 -8.0946298121e-17 -2.0707963278e-15 -1.7407434392e-04 7.1180312607e-05 7.0623504471e-05 3.4284439885e-04 6.4423963748e-04 3.5068769755e-01 -1.3019098892e-04 2.6806766157e-04 2.6588646238e-04 5.6263455714e-04 1.0519966201e-03 1.8359477263e-01 -1.3640116991e-04 -1.9766537071e-04 -1.9713826472e-04 -9.0080081782e-05 -1.6493926992e-04 1.9391945085e-02
1.2070589273e-03 1.6704472833e-03 -2.0140751878e-15 1.2232421812e-14 -8.4330478498e-15 -4.7703774798e-03 4.7423735784e-15 -9.7042892501e-16 2.8361613112e-15 6.8835592213e-03 9.8887888493e-17 6.3941277487e-17 -3.2420413690e-16 -1.9030614439e-03 7.8672079939e-17 1.5182072597e-17 -1.9910189695e-16 1.1888903578e-02 -6.0192511137e-03 -5.8689425456e-03 -1.0321667175e-03 -5.4767328247e-04 -2.2043726281e-04 6.2759239650e-03 -3.1495896576e-03 -3.0566051612e-03 -5.2068136214e-04 -2.7627434534e-04 -1.3640116991e-04 6.9984178283e-04 -2.8845995664e-04 -2.9334714414e-04 -2.6692689292e-05 -1.4170680944e-05 7.3825361301e-06
1.1765599200e-03 1.5676148539e-03 -7.8876386141e-15 8.5164221419e-15 -1.1229290672e-14 -4.3353937600e-03 1.9831042375e-14 9.5461560119e-15 8.4470535329e-15 5.5409319047e-03 -5.2385858027e-16 1.1629528626e-15 -4.2200050588e-17 -1.4971206438e-03 -4.0041228606e-16 5.2671798443e-16 -9.0680101217e-17 -6.3132313670e-03 1.2284682561e-02 -5.9719196270e-03 -1.0284536460e-03 -3.0458728012e-04 -3.9262986865e-04 -3.3196180057e-03 6.4535322669e-03 -3.1087963047e-03 -5.1779806995e-04 -1.8815129584e-04 -1.9766537071e-04 -2.8845995664e-04 7.2019837405e-04 -2.9546038899e-04 -3.4034461683e-05 6.3379935303e-06 -1.2990965539e-05
1.1529517487e-03 1.4880054639e-03 2.4361732553e-15 1.4289350747e-14 -6.2946604985e-15 -3.9988098746e-03 -8.1526431084e-15 -9.5268247134e-15 -3.8269997549e-15 4.5025593515e-03 -2.4170237145e-16 1.7100878304e-16 -1.6417604291e-16 -1.1832017612e-03 -1.2408216762e-16 1.6353338724e-16 3.1590801234e-17 -6.3900688622e-03 -6.1990958685e-03 1.2587783654e-02 -5.7123632845e-04 -5.4428777843e-04 -3.9207000917e-04 -3.3580033657e-03 -3.2401846635e-03 6.5888308432e-03 -3.5239772388e-04 -2.7363011739e-04 -1.9713826472e-04 -2.9334714414e-04 -2.9546038899e-04 7.3916010467e-04 6.2686875053e-06 -2.1088639646e-05 -1.5219378692e-05
9.1235578027e-05 3.0764094644e-04 6.6287324292e-15 4.7757766518e-15 2.6176762001e-15 -1.3009334743e-03 -1.7666293524e-14 -1.3264262650e-14 -6.6415458776e-15 4.0142124048e-03 -1.0819342676e-15 1.1410981206e-15 -3.6787645475e-16 -1.2136139848e-03 -2.3717060771e-16 5.4937617097e-16 -2.0400100512e-16 -1.5370321003e-04 -1.4999459213e-04 3.0722389945e-04 3.6493028404e-02 -1.7932448540e-04 -2.4567032261e-04 -1.2615864216e-05 -9.7350039983e-06 1.5566659084e-04 1.9189090194e-02 -6.6833405734e-05 -9.0080081782e-05 -2.6692689292e-05 -3.4034461683e-05 6.2686875053e-06 2.0160903430e-03 -5.9055095203e-06 -1.6062772936e-05
4.8381798912e-05 1.6313264075e-04 2.0270477951e-15 1.2494646756e-15 3.2550454731e-17 -6.8996468545e-04 -5.2958937660e-15 -3.1835831691e-15 -2.0294620822e-15 2.1293696212e-03 -1.3670230815e-16 4.8146929458e-17 -2.7261714630e-17 -6.4379807700e-04 8.4542390176e-17 -5.8481758914e-18 -7.0576312670e-17 -8.1529187574e-05 1.6154578158e-04 -7.8147940680e-05 -1.7928255164e-04 3.6739333077e-02 -4.5663735639e-04 -6.6724544223e-06 8.1445405183e-05 -4.0273592966e-06 -6.6808273938e-05 1.9281698964e-02 -1.6493926992e-04 -1.4170680944e-05 6.3379935303e-06 -2.1088639646e-05 -5.9055095203e-06 2.0244869434e-03 -4.1546686891e-05
3.4791208199e-05 1.1730007580e-04 -1.3763752905e-14 -9.9301830880e-15 -4.8529162328e-15 -4.9624989881e-04 3.6104911492e-14 2.5800125123e-14 1.4218713678e-14 1.5319484673e-03 5.4497963159e-16 3.0045688202e-16 -9.7601701647e-17 -4.6319332319e-04 3.4235184368e-17 -7.4739204055e-17 -4.8224767262e-16 1.1504820950e-04 -5.7138996304e-05 -5.6564970534e-05 -2.4566426110e-04 -4.5665417990e-04 3.7044723141e-02 5.7632888230e-05 -3.6294472295e-06 -3.0931972997e-06 -9.0070999688e-05 -1.6494827358e-04 1.9391945085e-02 7.3825361301e-06 -1.2990965539e-05 -1.5219378692e-05 -1.6062772936e-05 -4.1546686891e-05 2.0522606721e-03
1.1046092821e+00 3.6870698139e-01 1.1031108296e-15 9.5748544997e-16 -6.7725629429e-16 -1.6308548149e-01 5.0827449729e-16 -4.6899259489e-16 -1.5945161418e-16 3.6772548088e-02 7.9991631913e-16 1.0463676785e-15 -8.0407434954e-17 -9.0883813746e-03 -9.6863004438e-16 -7.1463630812e-16 5.4771177772e-17 -6.4284626057e-03 -6.3268570201e-03 -6.2483296892e-03 -3.0365601788e-04 -1.6112161598e-04 -1.1595229694e-04 5.9324670072e-05 5.2713295658e-05 4.7603858461e-05 1.9758486354e-05 1.0482295762e-05 7.5453576370e-06 1.2070589273e-03 1.1765599200e-03 1.1529517487e-03 9.1235578027e-05 4.8381798912e-05 3.4791208199e-05
3.6870698139e-01 1.3144741473e+00 -1.4503400508e-15 1.0517181842e-14 -4.2425527617e-15 -5.6785882105e-01 2.0573687331e-15 -3.2190268834e-16 -2.0380044672e-16 1.1926350247e-01 1.7754284500e-15 1.8355158323e-15 -1.5956868710e-16 -3.2430648306e-02 -2.0116178734e-15 -1.5454853826e-15 2.2796292247e-16 -3.6571207783e-03 -3.2518494187e-03 -2.9386339690e-03 -1.2111747968e-03 -6.4265971496e-04 -4.6249735757e-04 7.6716651296e-04 7.4915878280e-04 7.3524200277e-04 5.3817150107e-05 2.8548924252e-05 2.0552207569e-05 1.6704472833e-03 1.5676148539e-03 1.4880054639e-03 3.0764094644e-04 1.6313264075e-04 1.1730007580e-04
1.1031108296e-15 -1.4503400508e-15 1.1591079752e+00 -4.0884369873e-03 -2.1695070867e-03 -3.3233707076e-14 -4.3477666612e-01 1.3663086021e-02 7.2502454543e-03 -1.1678281894e-14 2.3585762910e-02 -3.2193539448e-02 -1.7083415296e-02 1.7955971912e-15 1.5420371943e-02 -1.4913488297e-02 -7.9135082136e-03 -8.3288797251e-15 -6.6183178252e-15 -9.6916575381e-15 -1.4087961013e-15 -5.1579959436e-16 3.1042933187e-15 -3.8853450047e-15 -3.0183686403e-15 -4.4225265651e-15 -7.1824467051e-16 -4.5065425569e-16 1.3303766670e-15 -2.0140751878e-15 -7.8876386141e-15 2.4361732553e-15 6.6287324292e-15 2.0270477951e-15 -1.3763752905e-14
9.5748544997e-16 1.0517181842e-14 -4.0884369873e-03 1.1618445252e+00 -1.5616320723e-03 9.0810414300e-14 1.3663086549e-02 -4.4392190031e-01 5.2187932463e-03 5.8221726452e-14 -3.2193553699e-02 4.5134068290e-02 -1.2296644782e-02 -1.4104912052e-15 -1.4913458635e-02 2.5402929120e-02 -5.6968347005e-03 2.3579789153e-14 2.4713894806e-14 2.2148673548e-14 -8.6160028483e-16 -4.8724967113e-16 2.1589797881e-15 1.2780350422e-14 1.4024652575e-14 1.2471341547e-14 1.6048730275e-18 9.3863466944e-17 4.8788722029e-16 1.2232421812e-14 8.5164221419e-15 1.4289350747e-14 4.7757766518e-15 1.2494646756e-15 -9.9301830880e-15
-6.7725629429e-16 -4.2425527617e-15 -2.1695070867e-03 -1.5616320723e-03 1.1639588888e+00 -3.3012053540e-14 7.2502446167e-03 5.2187924442e-03 -4.5098786065e-01 -4.1845111809e-14 -1.7083392798e-02 -1.2296623239e-02 6.1783224571e-02 1.3735580377e-15 -7.9135550108e-03 -5.6968793748e-03 3.3115343086e-02 -7.8911199938e-15 -9.2914735047e-15 -8.4644360241e-15 -2.0617622955e-17 -6.4350712838e-16 1.8109777048e-15 -7.8938218098e-15 -8.0132394779e-15 -5.5709399766e-15 -7.8878240976e-16 9.4996697893e-16 3.2804544449e-15 -8.4330478498e-15 -1.1229290672e-14 -6.2946604985e-15 2.6176762001e-15 3.2550454731e-17 -4.8529162328e-15
-1.6308548149e-01 -5.6785882105e-01 -3.3233707076e-14 9.0810414300e-14 -3.3012053540e-14 1.3780615375e+00 1.1138440929e-14 4.4186529963e-15 2.7311301648e-15 -3.7957070172e-01 -1.6727306097e-15 -1.6709033218e-15 8.6522287202e-16 1.0337784296e-01 2.1654181568e-15 1.9230917710e-15 -6.8093364774e-16 1.3027277043e-03 3.0913772848e-04 -4.5877552863e-04 2.9694214976e-03 1.5755984752e-03 1.1338816632e-03 -7.2438414413e-04 -7.9290020455e-04 -8.4584566426e-04 2.0473727502e-04 1.0863474345e-04 7.8198289187e-05 -4.7703774798e-03 -4.3353937600e-03 -3.9988098746e-03 -1.3009334743e-03 -6.8996468545e-04 -4.9624989881e-04
5.0827449729e-16 2.0573687331e-15 -4.3477666612e-01 1.3663086549e-02 7.2502446167e-03 1.1138440929e-14 1.1900942394e+00 -4.5654251728e-02 -2.4226195201e-02 2.4705811172e-14 -8.6878763302e-02 1.0742196109e-01 5.7003186446e-02 -2.2733018477e-15 -4.9086916391e-02 5.0301794174e-02 2.6691531240e-02 3.2859806705e-15 -1.8922554064e-16 6.0659536777e-15 4.3940805101e-15 1.2040973785e-15 -8.1163486531e-15 3.5758262820e-15 1.4185194393e-15 5.3902055562e-15 2.1228548443e-15 1.0336114376e-15 -3.1895840780e-15 4.7423735784e-15 1.9831042375e-14 -8.1526431084e-15 -1.7666293524e-14 -5.2958937660e-15 3.6104911492e-14
-4.6899259489e-16 -3.2190268834e-16 1.3663086021e-02 -4.4392190031e-01 5.2187924442e-03 4.4186529963e-15 -4.5654251728e-02 1.2206523987e+00 -1.7438226589e-02 5.7626616953e-16 1.0742200452e-01 -1.5878017681e-01 4.1030878201e-02 1.6987994689e-15 5.0301693370e-02 -8.2757114265e-02 1.9214854581e-02 3.8011200000e-16 -1.8899075028e-15 4.3153773516e-15 2.7615685523e-15 1.0665888966e-15 -6.0674314785e-15 7.6669530270e-16 -1.2412846136e-15 1.1401752114e-15 4.6312894802e-16 -4.5774468646e-16 -2.7451885766e-15 -9.7042892501e-16 9.5461560119e-15 -9.5268247134e-15 -1.3264262650e-14 -3.1835831691e-15 2.5800125123e-14
-1.5945161418e-16 -2.0380044672e-16 7.2502454543e-03 5.2187932463e-03 -4.5098786065e-01 2.7311301648e-15 -2.4226195201e-02 -1.7438226589e-02 1.2442628146e+00 1.1754575760e-14 5.7003117963e-02 4.1030812618e-02 -2.1433433582e-01 -1.0212046063e-15 2.6691690074e-02 1.9215006268e-02 -1.0877037560e-01 9.1438424039e-17 8.6355029688e-16 9.4994955661e-16 1.3683985684e-15 -2.1848634576e-17 -3.8387778495e-15 1.7097660686e-15 1.9206513592e-15 1.0599333807e-15 8.2771839315e-16 2.2685345761e-16 -2.2003761062e-15 2.8361613112e-15 8.4470535329e-15 -3.8269997549e-15 -6.6415458776e-15 -2.0294620822e-15 1.4218713678e-14
3.6772548088e-02 1.1926350247e-01 -1.1678281894e-14 5.8221726452e-14 -4.1845111809e-14 -3.7957070172e-01 2.4705811172e-14 5.7626616953e-16 1.1754575760e-14 7.9142513927e-01 -1.7547809653e-16 -2.2280663681e-15 -1.8384838013e-15 -2.1506393872e-01 6.0472517242e-16 -6.5662975122e-16 1.4061587439e-15 -5.3961497254e-04 7.4502281258e-04 1.7379548120e-03 -3.8393813550e-03 -2.0371232886e-03 -1.4660055875e-03 8.1486277754e-04 1.6149760594e-03 2.2332419430e-03 -2.3908923764e-03 -1.2686174520e-03 -9.1317139185e-04 6.8835592213e-03 5.5409319047e-03 4.5025593515e-03 4.0142124048e-03 2.1293696212e-03 1.5319484673e-03
7.9991631913e-16 1.7754284500e-15 2.3585762910e-02 -3.2193553699e-02 -1.7083392798e-02 -1.6727306097e-15 -8.6878763302e-02 1.0742200452e-01 5.7003117963e-02 -1.7547809653e-16 2.3146263884e-01 -2.5075377504e-01 -1.3306230543e-01 2.7637746453e-15 1.1225703646e-01 -1.2171599369e-01 -6.4586108841e-02 -6.5081277480e-16 -6.6738224836e-17 7.5188297543e-16 -2.0591826441e-15 -1.2314982539e-15 -3.0795056641e-16 -5.6868926036e-16 2.1431616607e-16 2.1888147617e-16 -1.0297577966e-15 -5.4816774307e-16 -3.4279739899e-16 9.8887888493e-17 -5.2385858027e-16 -2.4170237145e-16 -1.0819342676e-15 -1.3670230815e-16 5.4497963159e-16
1.0463676785e-15 1.8355158323e-15 -3.2193539448e-02 4.5134068290e-02 -1.2296623239e-02 -1.6709033218e-15 1.0742196109e-01 -1.5878017681e-01 4.1030812618e-02 -2.2280663681e-15 -2.5075377504e-01 3.9930061990e-01 -9.5777009863e-02 -3.4565511109e-15 -1.2171571187e-01 1.9372874565e-01 -4.6493796860e-02 4.8421387728e-16 -5.6003967743e-17 -4.3514762054e-16 7.6213574923e-16 7.2383709775e-16 4.1279637229e-16 5.5139594360e-16 -2.4775267325e-16 4.2692693879e-17 3.3632994680e-16 4.6076229953e-16 3.4619070702e-16 6.3941277487e-17 1.1629528626e-15 1.7100878304e-16 1.1410981206e-15 4.8146929458e-17 3.0045688202e-16
-8.0407434954e-17 -1.5956868710e-16 -1.7083415296e-02 -1.2296644782e-02 6.1783224571e-02 8.6522287202e-16 5.7003186446e-02 4.1030878201e-02 -2.1433433582e-01 -1.8384838013e-15 -1.3306230543e-01 -9.5777009863e-02 5.2898024893e-01 1.2041968618e-15 -6.4586550739e-02 -4.6494219545e-02 2.5667367406e-01 4.6252397840e-16 1.1106949352e-16 -5.0936118026e-16 9.2382951330e-16 1.2415718951e-15 3.8451355575e-15 3.6007329431e-16 -1.2988614507e-16 -2.7574877452e-16 4.6455340502e-16 2.4872447925e-16 2.2790156032e-15 -3.2420413690e-16 -4.2200050588e-17 -1.6417604291e-16 -3.6787645475e-16 -2.7261714630e-17 -9.7601701647e-17
-9.0883813746e-03 -3.2430648306e-02 1.7955971912e-15 -1.4104912052e-15 1.3735580377e-15 1.0337784296e-01 -2.2733018477e-15 1.6987994689e-15 -1.0212046063e-15 -2.1506393872e-01 2.7637746453e-15 -3.4565511109e-15 1.2041968618e-15 5.8456700975e-02 1.1001445832e-15 -1.7726684543e-15 -4.7021595278e-17 -5.6060577759e-04 -1.4959404096e-04 1.6793464768e-04 -1.2280424230e-03 -6.5165317272e-04 -4.6911549345e-04 -5.9664623828e-04 -4.1267162020e-04 -2.7051458229e-04 -5.4975418276e-04 -2.9172750944e-04 -2.0996362216e-04 -1.9030614439e-03 -1.4971206438e-03 -1.1832017612e-03 -1.2136139848e-03 -6.4379807700e-04 -4.6319332319e-04
-9.6863004438e-16 -2.0116178734e-15 1.5420371943e-02 -1.4913458635e-02 -7.9135550108e-03 2.1654181568e-15 -4.9086916391e-02 5.0301693370e-02 2.6691690074e-02 6.0472517242e-16 1.1225703646e-01 -1.2171571187e-01 -6.4586550739e-02 1.1001445832e-15 5.4491045630e-02 -5.9060022237e-02 -3.1338121765e-02 8.5596917430e-16 -6.3860692727e-18 -8.9356590923e-16 1.6942971877e-15 1.3901132700e-15 6.4880828837e-16 3.3069737950e-16 1.0898513105e-16 -5.6280314106e-16 9.2175141368e-16 7.7711808974e-16 2.4837236401e-16 7.8672079939e-17 -4.0041228606e-16 -1.2408216762e-16 -2.3717060771e-16 8.4542390176e-17 3.4235184368e-17
-7.1463630812e-16 -1.5454853826e-15 -1.4913488297e-02 2.5402929120e-02 -5.6968793748e-03 1.9230917710e-15 5.0301794174e-02 -8.2757114265e-02 1.9215006268e-02 -6.5662975122e-16 -1.2171599369e-01 1.9372874565e-01 -4.6494219545e-02 -1.7726684543e-15 -5.9060022237e-02 9.4024996088e-02 -2.2562099584e-02 -3.1033212359e-16 5.5419099855e-16 -1.5153974932e-16 -1.5595665818e-15 -7.0403578617e-16 -2.5732063902e-16 -3.6067193933e-17 1.7677480386e-16 5.0028433644e-17 -8.5171878217e-16 -3.3195832438e-16 -8.0946298121e-17 1.5182072597e-17 5.2671798443e-16 1.6353338724e-16 5.4937617097e-16 -5.8481758914e-18 -7.4739204055e-17
5.4771177772e-17 2.2796292247e-16 -7.9135082136e-03 -5.6968347005e-03 3.3115343086e-02 -6.8093364774e-16 2.6691531240e-02 1.9214854581e-02 -1.0877037560e-01 1.4061587439e-15 -6.4586108841e-02 -4.6493796860e-02 2.5667367406e-01 -4.7021595278e-17 -3.1338121765e-02 -2.2562099584e-02 1.2456692852e-01 -6.1611461055e-16 -4.3380898570e-16 1.0373125623e-15 -1.2694133644e-15 -8.8663358287e-16 -4.1987233929e-15 -2.8171739018e-16 -3.3195438276e-16 5.3211371459e-16 -6.9305545377e-16 -6.7250802786e-16 -2.0707963278e-15 -1.9910189695e-16 -9.0680101217e-17 3.1590801234e-17 -2.0400100512e-16 -7.0576312670e-17 -4.8224767262e-16
