N 19
3.2700690261e-01 2.8774238980e-01 -9.9234416286e-16 5.8239124738e-17 2.6256350599e-16 -7.4613438696e-02 -7.1622470097e-16 -6.0980758299e-17 1.7970137104e-17 -6.3300576393e-02 -1.5100598420e-15 -1.0648076939e-16 3.2527391186e-16 -2.1141349704e-04 -2.0931994649e-04 -2.1418022598e-04 7.6554158078e-07 -1.3164646927e-06 -3.2131044061e-06
2.8774238980e-01 2.6356447581e-01 8.6900771182e-17 1.3878377197e-16 1.2530776318e-16 -1.2632254349e-01 3.4945859378e-16 -9.4156072310e-17 -1.2791311706e-16 -1.0589876700e-01 -5.7161799402e-16 -9.1329554580e-17 1.2089063775e-16 -3.3868215940e-04 -4.6042904596e-04 -1.9208264208e-04 -4.5534093766e-05 7.1578698177e-05 1.7793190610e-04
-9.9234416286e-16 8.6900771182e-17 9.1383991702e-02 -4.9533960176e-03 -1.3656302688e-02 2.3529428018e-15 1.4369485796e-01 -8.8105049445e-03 -2.1182948336e-02 -6.8644150888e-15 1.2575091571e-01 -3.6442676688e-03 -1.9694361874e-02 5.3953142416e-16 4.7311615673e-16 4.1231184719e-16 9.8750200520e-19 -5.7618410548e-17 -4.6214792381e-17
5.8239124738e-17 1.3878377197e-16 -4.9533960176e-03 8.2604913938e-02 -2.2681600573e-02 -2.6004357294e-16 -8.8105049445e-03 1.2551349691e-01 -3.4251715887e-02 -8.2953014154e-16 -3.6442676688e-03 1.2725949716e-01 -3.5600086738e-02 4.1903233305e-17 -7.7611556617e-18 7.1878420405e-17 4.2559612275e-17 6.7591522130e-17 3.4606843017e-17
2.6256350599e-16 1.2530776318e-16 -1.3656302688e-02 -2.2681600573e-02 8.7034705368e-03 -7.9331667253e-16 -2.1182948336e-02 -3.4251715887e-02 1.3235590190e-02 9.7041053484e-16 -1.9694361874e-02 -3.5600086738e-02 1.3373749307e-02 -1.0208061114e-16 -7.7925888089e-17 -8.8522449308e-17 -1.2614294088e-17 -9.1858891072e-18 -8.7691497314e-19
-7.4613438696e-02 -1.2632254349e-01 2.3529428018e-15 -2.6004357294e-16 -7.9331667253e-16 3.7188540968e-01 6.5987587588e-15 5.4448461617e-16 -1.2525789972e-15 3.0806710732e-01 6.5963107121e-15 7.5870193082e-16 -1.0807745250e-15 9.4114186752e-04 1.6635629819e-03 7.0041236799e-05 2.7010411814e-04 -4.2515440422e-04 -1.0565660569e-03
-7.1622470097e-16 3.4945859378e-16 1.4369485796e-01 -8.8105049445e-03 -2.1182948336e-02 6.5987587588e-15 2.2596266876e-01 -1.5405356449e-02 -3.2869440194e-02 -8.3856261710e-15 1.9769505509e-01 -7.3069532988e-03 -3.0513013791e-02 8.5472120256e-16 7.5724876125e-16 6.4679341434e-16 3.3794226021e-18 -9.5108795332e-17 -8.2282406315e-17
-6.0980758299e-17 -9.4156072310e-17 -8.8105049445e-03 1.2551349691e-01 -3.4251715887e-02 5.4448461617e-16 -1.5405356449e-02 1.9072876564e-01 -5.1715964165e-02 -3.5744437501e-16 -7.3069532988e-03 1.9330740723e-01 -5.3784582961e-02 5.8487103102e-17 -1.4092628307e-17 1.0350469154e-16 6.5328989693e-17 1.0233596356e-16 5.0420388268e-17
1.7970137104e-17 -1.2791311706e-16 -2.1182948336e-02 -3.4251715887e-02 1.3235590190e-02 -1.2525789972e-15 -3.2869440194e-02 -5.1715964165e-02 2.0130167778e-02 1.4765405782e-15 -3.0513013791e-02 -5.3784582961e-02 2.0330141981e-02 -1.5756129789e-16 -1.2092118545e-16 -1.3599770655e-16 -1.9169112657e-17 -1.3387171688e-17 -6.6762919266e-19
-6.3300576393e-02 -1.0589876700e-01 -6.8644150888e-15 -8.2953014154e-16 9.7041053484e-16 3.0806710732e-01 -8.3856261710e-15 -3.5744437501e-16 1.4765405782e-15 2.5520762816e-01 -6.7083726060e-15 -7.0524660330e-16 1.4904327513e-15 7.7974287578e-04 1.3774884006e-03 5.8978135274e-05 2.2348957425e-04 -3.5178076342e-04 -8.7422293937e-04
-1.5100598420e-15 -5.7161799402e-16 1.2575091571e-01 -3.6442676688e-03 -1.9694361874e-02 6.5963107121e-15 1.9769505509e-01 -7.3069532988e-03 -3.0513013791e-02 -6.7083726060e-15 1.7316446163e-01 -1.1978926603e-04 -2.8513448953e-02 7.5364879109e-16 6.6698856506e-16 5.7129415680e-16 5.5369090803e-18 -8.0796021461e-17 -7.2280129398e-17
-1.0648076939e-16 -9.1329554580e-17 -3.6442676688e-03 1.2725949716e-01 -3.5600086738e-02 7.5870193082e-16 -7.3069532988e-03 1.9330740723e-01 -5.3784582961e-02 -7.0524660330e-16 -1.1978926603e-04 1.9622796724e-01 -5.5800240643e-02 9.0951065910e-17 1.3482994057e-17 1.2913097703e-16 6.6499562575e-17 1.0056079062e-16 4.8338759097e-17
3.2527391186e-16 1.2089063775e-16 -1.9694361874e-02 -3.5600086738e-02 1.3373749307e-02 -1.0807745250e-15 -3.0513013791e-02 -5.3784582961e-02 2.0330141981e-02 1.4904327513e-15 -2.8513448953e-02 -5.5800240643e-02 2.0573882040e-02 -1.4956079948e-16 -1.1276226061e-16 -1.3093183532e-16 -1.9652023432e-17 -1.5565711816e-17 -2.5294309610e-18
-2.1141349704e-04 -3.3868215940e-04 5.3953142416e-16 4.1903233305e-17 -1.0208061114e-16 9.4114186752e-04 8.5472120256e-16 5.8487103102e-17 -1.5756129789e-16 7.7974287578e-04 7.5364879109e-16 9.0951065910e-17 -1.4956079948e-16 2.3834117005e-06 4.2010217248e-06 1.9174186159e-07 6.7958264637e-07 -1.0696814904e-06 -2.6583070603e-06
-2.0931994649e-04 -4.6042904596e-04 4.7311615673e-16 -7.7611556617e-18 -7.7925888089e-17 1.6635629819e-03 7.5724876125e-16 -1.4092628307e-17 -1.2092118545e-16 1.3774884006e-03 6.6698856506e-16 1.3482994057e-17 -1.1276226061e-16 4.2010217248e-06 7.4912864780e-06 2.3349992897e-07 1.2301815148e-06 -1.9363980863e-06 -4.8121871791e-06
-2.1418022598e-04 -1.9208264208e-04 4.1231184719e-16 7.1878420405e-17 -8.8522449308e-17 7.0041236799e-05 6.4679341434e-16 1.0350469154e-16 -1.3599770655e-16 5.8978135274e-05 5.7129415680e-16 1.2913097703e-16 -1.3093183532e-16 1.9174186159e-07 2.3349992897e-07 1.4154508832e-07 1.5623851371e-08 -2.4521056916e-08 -6.0975646612e-08
7.6554158078e-07 -4.5534093766e-05 9.8750200520e-19 4.2559612275e-17 -1.2614294088e-17 2.7010411814e-04 3.3794226021e-18 6.5328989693e-17 -1.9169112657e-17 2.2348957425e-04 5.5369090803e-18 6.6499562575e-17 -1.9652023432e-17 6.7958264637e-07 1.2301815148e-06 1.5623851371e-08 2.0585892220e-07 -3.2404959633e-07 -8.0529666678e-07
-1.3164646927e-06 7.1578698177e-05 -5.7618410548e-17 6.7591522130e-17 -9.1858891072e-18 -4.2515440422e-04 -9.5108795332e-17 1.0233596356e-16 -1.3387171688e-17 -3.5178076342e-04 -8.0796021461e-17 1.0056079062e-16 -1.5565711816e-17 -1.0696814904e-06 -1.9363980863e-06 -2.4521056916e-08 -3.2404959633e-07 5.1009763177e-07 1.2676452025e-06
-3.2131044061e-06 1.7793190610e-04 -4.6214792381e-17 3.4606843017e-17 -8.7691497314e-19 -1.0565660569e-03 -8.2282406315e-17 5.0420388268e-17 -6.6762919266e-19 -8.7422293937e-04 -7.2280129398e-17 4.8338759097e-17 -2.5294309610e-18 -2.6583070603e-06 -4.8121871791e-06 -6.0975646612e-08 -8.0529666678e-07 1.2676452025e-06 3.1502290240e-06
3.2700690261e-01 2.8774238980e-01 -2.6339641632e-16 -1.2439531448e-16 1.9434383693e-16 -7.4613438696e-02 4.3176990930e-16 -3.4860542394e-16 -8.9466661727e-17 -6.3300576393e-02 -5.1248925276e-16 -3.5641740204e-16 2.3191477083e-16 -2.1141349704e-04 -2.0931994649e-04 -2.1418022598e-04 7.6554158078e-07 -1.3164646927e-06 -3.2131044061e-06
2.8774238980e-01 2.6356447581e-01 1.2040386953e-16 1.3038972780e-16 1.2217232543e-16 -1.2632254349e-01 4.0222146535e-16 -1.0737556233e-16 -1.3285100959e-16 -1.0589876700e-01 -5.2576874664e-16 -1.0281686848e-16 1.1659976711e-16 -3.3868215940e-04 -4.6042904596e-04 -1.9208264208e-04 -4.5534093766e-05 7.1578698177e-05 1.7793190610e-04
-2.6339641632e-16 1.2040386953e-16 3.7495194961e-03 1.7003009998e-02 -5.4548990603e-03 -1.5390354743e-15 5.6823567331e-03 2.5767879976e-02 -8.2668412406e-03 -1.8621074914e-15 5.8224674830e-03 2.6403242583e-02 -8.4706780253e-03 3.2975755619e-17 1.5738941407e-17 3.6655973178e-17 7.6815694738e-18 1.3097991199e-17 9.7571395668e-18
-1.2439531448e-16 1.3038972780e-16 1.7003009998e-02 7.7103839384e-02 -2.4736423789e-02 7.1507333121e-16 2.5767879976e-02 1.1685004474e-01 -3.7487785945e-02 -2.0828348498e-15 2.6403242583e-02 1.1973123439e-01 -3.8412128088e-02 1.6881838037e-16 1.0683256059e-16 1.6599723786e-16 4.0882445065e-17 4.9873859323e-17 2.0583337969e-17
1.9434383693e-16 1.2217232543e-16 -5.4548990603e-03 -2.4736423789e-02 7.9359298673e-03 -4.2908004340e-16 -8.2668412406e-03 -3.7487785945e-02 1.2026816919e-02 5.0226206948e-16 -8.4706780253e-03 -3.8412128088e-02 1.2323364006e-02 -5.4673838521e-17 -3.5121554835e-17 -5.3366130450e-17 -1.3240768440e-17 -1.5803989715e-17 -6.1151322426e-18
-7.4613438696e-02 -1.2632254349e-01 -1.5390354743e-15 7.1507333121e-16 -4.2908004340e-16 3.7188540968e-01 4.6941669626e-16 2.0801625240e-15 -6.7895531968e-16 3.0806710732e-01 1.2701085518e-15 2.0931569028e-15 -5.8231390077e-16 9.4114186752e-04 1.6635629819e-03 7.0041236799e-05 2.7010411814e-04 -4.2515440422e-04 -1.0565660569e-03
4.3176990930e-16 4.0222146535e-16 5.6823567331e-03 2.5767879976e-02 -8.2668412406e-03 4.6941669626e-16 8.6115509134e-03 3.9050946776e-02 -1.2528309570e-02 -5.0766483836e-16 8.8238872579e-03 4.0013832018e-02 -1.2837222039e-02 5.6964189037e-17 3.6941193882e-17 5.5185962737e-17 1.3921678081e-17 1.6260021499e-17 5.8658546642e-18
-3.4860542394e-16 -1.0737556233e-16 2.5767879976e-02 1.1685004474e-01 -3.7487785945e-02 2.0801625240e-15 3.9050946776e-02 1.7708499427e-01 -5.6812339045e-02 -2.3312306402e-15 4.0013832018e-02 1.8145140639e-01 -5.8213169687e-02 2.5836138145e-16 1.6637705454e-16 2.5172916397e-16 6.2687677024e-17 7.4433028815e-17 2.8335254885e-17
-8.9466661727e-17 -1.3285100959e-16 -8.2668412406e-03 -3.7487785945e-02 1.2026816919e-02 -6.7895531968e-16 -1.2528309570e-02 -5.6812339045e-02 1.8226512535e-02 7.3926974145e-16 -1.2837222039e-02 -5.8213169687e-02 1.8675926478e-02 -8.2902010287e-17 -5.3510120519e-17 -8.0631235142e-17 -2.0155725461e-17 -2.3809789585e-17 -8.9171165137e-18
-6.3300576393e-02 -1.0589876700e-01 -1.8621074914e-15 -2.0828348498e-15 5.0226206948e-16 3.0806710732e-01 -5.0766483836e-16 -2.3312306402e-15 7.3926974145e-16 2.5520762816e-01 1.3732375747e-16 -2.4204037217e-15 8.4976798119e-16 7.7974287578e-04 1.3774884006e-03 5.8978135274e-05 2.2348957425e-04 -3.5178076342e-04 -8.7422293937e-04
-5.1248925276e-16 -5.2576874664e-16 5.8224674830e-03 2.6403242583e-02 -8.4706780253e-03 1.2701085518e-15 8.8238872579e-03 4.0013832018e-02 -1.2837222039e-02 1.3732375747e-16 9.0414592125e-03 4.1000459271e-02 -1.3153751411e-02 6.0423468472e-17 4.1064333352e-17 5.7206208277e-17 1.4697791820e-17 1.5979917414e-17 4.3178893219e-18
-3.5641740204e-16 -1.0281686848e-16 2.6403242583e-02 1.1973123439e-01 -3.8412128088e-02 2.0931569028e-15 4.0013832018e-02 1.8145140639e-01 -5.8213169687e-02 -2.4204037217e-15 4.1000459271e-02 1.8592548182e-01 -5.9648540828e-02 2.6463541935e-16 1.7030537480e-16 2.5793330152e-16 6.4204346368e-17 7.6314033005e-17 2.9147484742e-17
2.3191477083e-16 1.1659976711e-16 -8.4706780253e-03 -3.8412128088e-02 1.2323364006e-02 -5.8231390077e-16 -1.2837222039e-02 -5.8213169687e-02 1.8675926478e-02 8.4976798119e-16 -1.3153751411e-02 -5.9648540828e-02 1.9136421689e-02 -8.4684267078e-17 -5.4184201830e-17 -8.2820142973e-17 -2.0509358394e-17 -2.4622633323e-17 -9.6979715225e-18
-2.1141349704e-04 -3.3868215940e-04 3.2975755619e-17 1.6881838037e-16 -5.4673838521e-17 9.4114186752e-04 5.6964189037e-17 2.5836138145e-16 -8.2902010287e-17 7.7974287578e-04 6.0423468472e-17 2.6463541935e-16 -8.4684267078e-17 2.3834117005e-06 4.2010217248e-06 1.9174186159e-07 6.7958264637e-07 -1.0696814904e-06 -2.6583070603e-06
-2.0931994649e-04 -4.6042904596e-04 1.5738941407e-17 1.0683256059e-16 -3.5121554835e-17 1.6635629819e-03 3.6941193882e-17 1.6637705454e-16 -5.3510120519e-17 1.3774884006e-03 4.1064333352e-17 1.7030537480e-16 -5.4184201830e-17 4.2010217248e-06 7.4912864780e-06 2.3349992897e-07 1.2301815148e-06 -1.9363980863e-06 -4.8121871791e-06
-2.1418022598e-04 -1.9208264208e-04 3.6655973178e-17 1.6599723786e-16 -5.3366130450e-17 7.0041236799e-05 5.5185962737e-17 2.5172916397e-16 -8.0631235142e-17 5.8978135274e-05 5.7206208277e-17 2.5793330152e-16 -8.2820142973e-17 1.9174186159e-07 2.3349992897e-07 1.4154508832e-07 1.5623851371e-08 -2.4521056916e-08 -6.0975646612e-08
7.6554158078e-07 -4.5534093766e-05 7.6815694738e-18 4.0882445065e-17 -1.3240768440e-17 2.7010411814e-04 1.3921678081e-17 6.2687677024e-17 -2.0155725461e-17 2.2348957425e-04 1.4697791820e-17 6.4204346368e-17 -2.0509358394e-17 6.7958264637e-07 1.2301815148e-06 1.5623851371e-08 2.0585892220e-07 -3.2404959633e-07 -8.0529666678e-07
-1.3164646927e-06 7.1578698177e-05 1.3097991199e-17 4.9873859323e-17 -1.5803989715e-17 -4.2515440422e-04 1.6260021499e-17 7.4433028815e-17 -2.3809789585e-17 -3.5178076342e-04 1.5979917414e-17 7.6314033005e-17 -2.4622633323e-17 -1.0696814904e-06 -1.9363980863e-06 -2.4521056916e-08 -3.2404959633e-07 5.1009763177e-07 1.2676452025e-06
-3.2131044061e-06 1.7793190610e-04 9.7571395668e-18 2.0583337969e-17 -6.1151322426e-18 -1.0565660569e-03 5.8658546642e-18 2.8335254885e-17 -8.9171165137e-18 -8.7422293937e-04 4.3178893219e-18 2.9147484742e-17 -9.6979715225e-18 -2.6583070603e-06 -4.8121871791e-06 -6.0975646612e-08 -8.0529666678e-07 1.2676452025e-06 3.1502290240e-06
Se 47
1.8076072503e-01 3.2459266852e-01 -8.9921772480e-02 -1.0352129576e-01 2.3227138757e-02 4.3790252042e-02 -9.2565657429e-03 -4.9404081061e-03 1.2219857422e-17 -1.0370846039e-17 -2.9222599733e-18 1.8754273906e-16 -2.3828009231e-16 -1.1052791252e-17 9.3977228724e-17 3.9164301154e-16 2.2178589548e-17 -6.9230888209e-16 -9.8560801838e-16 -1.7399447341e-16 9.3727317983e-16 1.1148432571e-15 2.7260545306e-16 -5.2182786118e-16 -6.6709966155e-16 -8.2762723079e-17 2.7424749542e-16 2.7506231045e-16 7.5674046167e-18 9.6214018116e-04 9.5900219211e-04 8.0929346167e-04 -5.8355195566e-07 4.0557072853e-06 4.3992134269e-05 -2.6142176466e-04 -2.6120815834e-04 -2.5101732268e-04 3.9723014566e-08 -2.7607639390e-07 -2.9945922956e-06 -6.0861728891e-04 -6.0709732151e-04 -5.3458196617e-04 2.8265871537e-07 -1.9644883373e-06 -2.1308745584e-05
3.2459266852e-01 6.1068893284e-01 -2.6713372289e-01 -3.0176294270e-01 7.4658436096e-02 1.3836875220e-01 -2.7575100479e-02 -1.4975894851e-02 4.2146159301e-16 3.5945547304e-16 2.7044347186e-17 3.0661879822e-15 2.2059825101e-15 2.3613574288e-16 1.9609889243e-16 7.8929617199e-16 8.3302443185e-18 -1.4829011436e-15 -2.3793191643e-15 -3.3037196558e-16 1.9963196971e-15 2.5787778094e-15 6.0181235980e-16 -1.1658255750e-15 -1.5781105098e-15 -1.2049177774e-16 7.6666790487e-16 6.7414189264e-16 -2.3974880769e-17 1.5163949191e-03 1.5068081000e-03 1.0494354036e-03 -1.7828000457e-06 1.2390525065e-05 1.3439965066e-04 -1.0260116887e-03 -1.0253422934e-03 -9.9340645203e-04 1.2448320548e-07 -8.6516279913e-07 -9.3843947180e-06 -1.9601708690e-03 -1.9555331566e-03 -1.7342748837e-03 8.6244601410e-07 -5.9940311201e-06 -6.5017074286e-05
-8.9921772480e-02 -2.6713372289e-01 4.5590663492e-01 5.1630622031e-01 -1.9663840044e-01 -3.3266688747e-01 7.0386275264e-02 3.8112402013e-02 -8.8930689198e-15 1.7511027142e-15 -5.4762994447e-19 -6.1714539848e-14 1.2469593410e-14 -1.4857639169e-16 -6.9157294441e-15 -2.1141170190e-15 3.7399963080e-16 6.3083627267e-16 2.7814558669e-15 3.3905286769e-16 -2.9071934960e-15 -3.4034616611e-15 -8.8562830530e-16 1.5763921617e-15 2.1130027478e-15 -4.5210578308e-17 -1.6812047646e-15 -1.1329520448e-15 1.6332017995e-16 3.2118987520e-03 3.2353117042e-03 4.3523083842e-03 4.3539584842e-06 -3.0260169592e-05 -3.2823114443e-04 3.1754454302e-03 3.1751239649e-03 3.1597873404e-03 -5.9780863864e-08 4.1547917512e-07 4.5066900487e-06 4.8842178956e-03 4.8716741119e-03 4.2732290891e-03 -2.3326880299e-06 1.6212266526e-05 1.7585396471e-04
-1.0352129576e-01 -3.0176294270e-01 5.1630622031e-01 6.0414533663e-01 -3.0121310013e-01 -4.8258451082e-01 1.0152678843e-01 5.4960584786e-02 1.3181728080e-14 -1.6303120245e-16 2.5569830050e-16 9.2025035789e-14 -9.4532890891e-16 1.6350646065e-15 1.2794299989e-14 -1.4567069209e-15 7.5496478929e-17 5.1337690384e-15 4.5630579096e-15 4.0337741911e-16 -3.5406212500e-15 -4.7098668630e-15 -1.3596781285e-15 2.1338941597e-15 3.0810845406e-15 -1.6742342164e-17 -2.5224906469e-15 -1.5504019991e-15 2.2463230632e-16 7.4079190352e-03 7.4475927193e-03 9.3403644210e-03 7.3778638356e-06 -5.1276421606e-05 -5.5619379444e-04 4.6210961197e-03 4.6230135603e-03 4.7144917639e-03 3.5657429220e-07 -2.4782042806e-06 -2.6881006884e-05 7.0144083561e-03 6.9963200400e-03 6.1333537284e-03 -3.3637696169e-06 2.3378321003e-05 2.5358394090e-04
2.3227138757e-02 7.4658436096e-02 -1.9663840044e-01 -3.0121310013e-01 4.0760174047e-01 5.8737916041e-01 -1.5609277391e-01 -8.1385079409e-02 -8.7005764016e-15 -5.0370141466e-15 -7.4930060938e-16 -6.0710244371e-14 -3.5472543358e-14 -5.1105108301e-15 -1.0993188095e-14 3.5235003916e-15 -4.3274520219e-16 -6.2691823702e-15 -3.8579731821e-15 -7.5894337535e-16 5.8457468102e-15 4.8317430598e-15 2.0415027363e-15 -2.6260482642e-15 -3.0908645288e-15 -6.4641450938e-17 3.5035660322e-15 1.9162069429e-15 -2.2541552916e-16 -1.7158643611e-02 -1.7237108757e-02 -2.0980562711e-02 -1.4591666560e-05 1.0141261253e-04 1.1000195412e-03 -6.1119572641e-03 -6.1272499010e-03 -6.8568385737e-03 -2.8438748727e-06 1.9765033649e-05 2.1439072225e-04 -8.8464960750e-03 -8.8181620152e-03 -7.4663867067e-03 5.2691057005e-06 -3.6620475981e-05 -3.9722119547e-04
4.3790252042e-02 1.3836875220e-01 -3.3266688747e-01 -4.8258451082e-01 5.8737916041e-01 8.8315860178e-01 -3.4845135395e-01 -1.7373203113e-01 3.2942540089e-14 -1.2077042052e-14 -7.2168938796e-16 2.2794451535e-13 -8.5013903778e-14 -4.8089829567e-15 5.0654797599e-14 8.3738581242e-15 5.1343443565e-16 5.3869356133e-15 -4.3613878722e-15 -9.1699452469e-16 1.1272204244e-14 6.2958499623e-15 4.1126127480e-15 -6.4552995497e-15 -4.3846752240e-15 -4.9007795370e-16 4.1125294993e-15 2.8372433095e-15 -4.7566835425e-16 -2.7051150870e-02 -2.7062774480e-02 -2.7617319420e-02 -2.1615692209e-06 1.5022984587e-05 1.6295385948e-04 -1.1396431042e-02 -1.1388700682e-02 -1.1019896876e-02 1.4375660108e-06 -9.9911359860e-06 -1.0837354989e-04 -1.5079922821e-02 -1.5012059496e-02 -1.1774402489e-02 1.2620112885e-05 -8.7710242889e-05 -9.5139035204e-04
-9.2565657429e-03 -2.7575100479e-02 7.0386275264e-02 1.0152678843e-01 -1.5609277391e-01 -3.4845135395e-01 5.7491596809e-01 2.6592463461e-01 -1.9554626958e-14 -2.3928862610e-15 1.2919574507e-15 -1.3359502916e-13 -1.6795400061e-14 8.8117619071e-15 -7.3380964841e-14 6.8963303065e-16 -3.9420247075e-15 -1.6093635221e-14 3.0152210595e-15 -7.5138124898e-16 -1.0735312832e-14 2.8060360700e-16 -4.9289784728e-15 5.4021166025e-16 -1.3162822017e-15 3.5365402169e-16 -5.5488452455e-15 -2.7425341580e-15 3.5571613761e-16 1.2784232343e-02 1.2785086199e-02 1.2825822384e-02 1.5878619827e-07 -1.1035698432e-06 -1.1970388707e-05 1.0863129665e-02 1.0877684640e-02 1.1572080554e-02 2.7066964813e-06 -1.8811638845e-05 -2.0404927763e-04 1.2549873998e-02 1.2434632890e-02 6.9366532682e-03 -2.1430659063e-05 1.4894385880e-04 1.6155895320e-03
-4.9404081061e-03 -1.4975894851e-02 3.8112402013e-02 5.4960584786e-02 -8.1385079409e-02 -1.7373203113e-01 2.6592463461e-01 1.2324053852e-01 -1.0072803286e-14 -1.4618275216e-16 5.7140306745e-16 -6.8588648191e-14 -8.1465731316e-16 3.9740806335e-15 -4.2981058064e-14 -4.7871879775e-15 -3.6369324066e-15 -1.0718406180e-14 -3.8921241355e-16 -8.9374825898e-16 1.0172284837e-15 2.4265122779e-15 -1.9785987855e-15 1.6341512305e-14 5.8268658473e-15 1.3607231743e-15 9.3730701235e-15 3.4747888562e-15 1.0112296901e-15 6.7737631663e-03 6.7440433661e-03 5.3261564687e-03 -5.5268030762e-06 3.8411482100e-05 4.1664818468e-04 5.2791542466e-03 5.2754723969e-03 5.0998168928e-03 -6.8469028226e-07 4.7586223284e-06 5.1616632487e-05 5.9563737350e-03 5.9024434595e-03 3.3295112600e-03 -1.0029071868e-05 6.9702413719e-05 7.5605997363e-04
1.2219857422e-17 4.2146159301e-16 -8.8930689198e-15 1.3181728080e-14 -8.7005764016e-15 3.2942540089e-14 -1.9554626958e-14 -1.0072803286e-14 2.0487202667e-02 -3.8309220741e-07 2.6625047547e-06 1.4561465138e-01 -2.9150815287e-06 2.0259922493e-05 -4.7457268139e-02 7.4717808449e-06 -5.1929148231e-05 -1.5959918855e-02 2.1288237061e-06 -1.4795402071e-05 1.9534893828e-03 -5.2511207894e-06 3.6495480194e-05 6.9367697149e-03 -1.3601512249e-05 9.4531004116e-05 5.4836074633e-03 -1.0134807242e-05 7.0437278398e-05 -5.9404752891e-15 -5.7534040577e-15 -6.2652176549e-15 1.0789362310e-16 2.2143020060e-16 -1.4838286967e-16 1.4178778675e-15 1.9743101730e-15 2.0815285982e-15 5.1546080492e-17 1.2288732592e-16 3.3095549064e-16 6.6133847029e-15 3.9916457965e-15 5.5362776978e-15 7.9528346878e-18 -6.3675296429e-17 -3.0896556625e-16
-1.0370846039e-17 3.5945547304e-16 1.7511027142e-15 -1.6303120245e-16 -5.0370141466e-15 -1.2077042052e-14 -2.3928862610e-15 -1.4618275216e-16 -3.8309220741e-07 2.0483082595e-02 2.8880108553e-05 -2.9150815285e-06 1.4558330032e-01 2.1975876658e-04 7.4717808451e-06 -4.7376910794e-02 -5.6327390040e-04 2.1288237052e-06 -1.5937023829e-02 -1.6048527881e-04 -5.2511207880e-06 1.8970147439e-03 3.9586536994e-04 -1.3601512251e-05 6.7904884686e-03 1.0253749428e-03 -1.0134807240e-05 5.3746098603e-03 7.6403102859e-04 4.4161679893e-15 4.9482467850e-15 4.0791541547e-15 5.2719378676e-16 7.6607022830e-16 -1.0181386334e-16 7.7437011344e-16 4.6151530207e-16 1.1792579688e-15 1.4539193880e-16 1.8455574754e-16 2.8863602385e-16 7.9968526868e-16 -4.2755696417e-16 5.8803322212e-16 1.6547658544e-16 1.2768045706e-16 -3.7890265979e-16
-2.9222599733e-18 2.7044347186e-17 -5.4762994447e-19 2.5569830050e-16 -7.4930060938e-16 -7.2168938796e-16 1.2919574507e-15 5.7140306745e-16 2.6625047547e-06 2.8880108553e-05 2.0286520181e-02 2.0259922493e-05 2.1975876658e-04 1.4408758872e-01 -5.1929148231e-05 -5.6327390040e-04 -4.3543182910e-02 -1.4795402071e-05 -1.6048527881e-04 -1.4844736599e-02 3.6495480193e-05 3.9586536994e-04 -7.9730520572e-04 9.4531004118e-05 1.0253749428e-03 -1.8836943137e-04 7.0437278397e-05 7.6403102859e-04 1.7449841131e-04 6.4082578479e-17 8.9560768161e-17 6.1017190640e-16 -7.4013184411e-16 -1.2820618866e-15 -3.1447799056e-16 -3.7029673892e-16 -3.7264618390e-16 9.5497712124e-17 -1.9591992993e-16 -2.4230774288e-16 1.4859516668e-16 9.7894944092e-16 6.4225925409e-16 -2.6392020321e-15 -5.3106216634e-17 -6.2721092578e-18 8.0417385085e-16
1.8754273906e-16 3.0661879822e-15 -6.1714539848e-14 9.2025035789e-14 -6.0710244371e-14 2.2794451535e-13 -1.3359502916e-13 -6.8588648191e-14 1.4561465138e-01 -2.9150815285e-06 2.0259922493e-05 1.0364862407e+00 -2.2298947462e-05 1.5497849471e-04 -3.7058578560e-01 5.8609910200e-05 -4.0734100448e-04 -1.2326444958e-01 1.6866346396e-05 -1.1722172000e-04 1.5241745027e-02 -4.1467591626e-05 2.8820126780e-04 5.4874594175e-02 -1.0731352805e-04 7.4583291741e-04 4.3241400030e-02 -7.9980236508e-05 5.5586554839e-04 -4.1309362910e-14 -3.9836896148e-14 -4.3799539577e-14 7.4310051295e-16 1.6181054965e-15 -1.0358239209e-15 9.3758253378e-15 1.3303099252e-14 1.4063443149e-14 3.6908531628e-16 9.5021405254e-16 2.4926169999e-15 4.5773112052e-14 2.6458123214e-14 3.8029023387e-14 3.9729717786e-17 -5.2707883761e-16 -2.3225551762e-15
-2.3828009231e-16 2.2059825101e-15 1.2469593410e-14 -9.4532890891e-16 -3.5472543358e-14 -8.5013903778e-14 -1.6795400061e-14 -8.1465731316e-16 -2.9150815287e-06 1.4558330032e-01 2.1975876658e-04 -2.2298947462e-05 1.0362464205e+00 1.6810470452e-03 5.8609910202e-05 -3.6995544902e-01 -4.4184155566e-03 1.6866346389e-05 -1.2308305577e-01 -1.2715004517e-03 -4.1467591615e-05 1.4795770280e-02 3.1261104358e-03 -1.0731352807e-04 5.3720460992e-02 8.0900270995e-03 -7.9980236498e-05 4.2381230333e-02 6.0294567926e-03 3.0940016841e-14 3.5032998129e-14 2.8410589926e-14 3.7025849758e-15 5.9598374687e-15 -8.6780930870e-16 5.4263710838e-15 3.2802537206e-15 8.2593163234e-15 9.8873141096e-16 1.4461059850e-15 2.3264322022e-15 6.3563841474e-15 -4.1364042535e-15 4.4688778046e-15 1.2936162301e-15 1.0040878926e-15 -2.9856832582e-15
-1.1052791252e-17 2.3613574288e-16 -1.4857639169e-16 1.6350646065e-15 -5.1105108301e-15 -4.8089829567e-15 8.8117619071e-15 3.9740806335e-15 2.0259922493e-05 2.1975876658e-04 1.4408758872e-01 1.5497849471e-04 1.6810470452e-03 1.0248049585e+00 -4.0734100448e-04 -4.4184155566e-03 -3.3988304036e-01 -1.1722171999e-04 -1.2715004517e-03 -1.1442903020e-01 2.8820126779e-04 3.1261104358e-03 -6.4810130696e-03 7.4583291742e-04 8.0900270995e-03 -1.3414945678e-03 5.5586554839e-04 6.0294567927e-03 1.3438298542e-03 3.0505718138e-16 5.4545382829e-16 4.4347897652e-15 -5.0743633348e-15 -9.1492618280e-15 -2.4526093819e-15 -2.6877163798e-15 -2.7171606157e-15 7.3879929983e-16 -1.3154073181e-15 -1.6635263719e-15 1.1254910503e-15 7.7312773187e-15 5.0530468872e-15 -2.0255486498e-14 -3.7163853667e-16 -9.6852700429e-18 6.2389551231e-15
9.3977228724e-17 1.9609889243e-16 -6.9157294441e-15 1.2794299989e-14 -1.0993188095e-14 5.0654797599e-14 -7.3380964841e-14 -4.2981058064e-14 -4.7457268139e-02 7.4717808451e-06 -5.1929148231e-05 -3.7058578560e-01 5.8609910202e-05 -4.0734100448e-04 8.4024254136e-01 -1.5192010879e-04 1.0558502735e-03 2.5306337206e-01 -4.8105485292e-05 3.3433486986e-04 -3.7369982592e-02 1.0849997243e-04 -7.5407874885e-04 -1.4610231940e-01 2.7946742924e-04 -1.9423087829e-03 -1.1212729037e-01 2.0872048076e-04 -1.4506149215e-03 -5.1530235881e-15 -8.9699676031e-15 -2.6855676461e-15 -1.3825744610e-15 -4.1218742640e-15 1.3716106535e-15 1.2410549259e-14 1.1703534270e-14 1.0691427212e-14 -7.2261984353e-16 -2.8744084196e-15 -3.5820375468e-15 1.1270010923e-14 3.3442857472e-14 1.5980740846e-14 3.2777520649e-16 1.7787163863e-15 3.6946726303e-15
3.9164301154e-16 7.8929617199e-16 -2.1141170190e-15 -1.4567069209e-15 3.5235003916e-15 8.3738581242e-15 6.8963303065e-16 -4.7871879775e-15 7.4717808449e-06 -4.7376910794e-02 -5.6327390040e-04 5.8609910200e-05 -3.6995544902e-01 -4.4184155566e-03 -1.5192010879e-04 8.3860867430e-01 1.1452775985e-02 -4.8105485292e-05 2.5254600824e-01 3.6265202223e-03 1.0849997243e-04 -3.6203089464e-02 -8.1794693835e-03 2.7946742925e-04 -1.4309670921e-01 -2.1068164628e-02 2.0872048076e-04 -1.0988254791e-01 -1.5734776184e-02 1.1444591952e-15 -7.9725017230e-15 1.3090960768e-15 -8.5188363032e-15 -1.4450766672e-14 3.0587152088e-15 4.0197992133e-16 -7.8715937794e-16 -8.0860957882e-16 -2.0582221818e-15 -3.8141245135e-15 -7.2923422855e-15 -1.7635780255e-14 2.6305228013e-14 -7.7879624546e-15 -3.3094940454e-15 -2.5504127203e-15 7.5586883291e-15
2.2178589548e-17 8.3302443185e-18 3.7399963080e-16 7.5496478929e-17 -4.3274520219e-16 5.1343443565e-16 -3.9420247075e-15 -3.6369324066e-15 -5.1929148231e-05 -5.6327390040e-04 -4.3543182910e-02 -4.0734100448e-04 -4.4184155566e-03 -3.3988304036e-01 1.0558502735e-03 1.1452775985e-02 7.6065933809e-01 3.3433486986e-04 3.6265202223e-03 2.2786335973e-01 -7.5407874883e-04 -8.1794693834e-03 1.9467623892e-02 -1.9423087829e-03 -2.1068164628e-02 2.9642535330e-04 -1.4506149215e-03 -1.5734776184e-02 -2.7892667281e-03 4.1493655318e-15 2.9616190590e-15 -6.3348957623e-15 1.0633397010e-14 1.9278912291e-14 5.1533246186e-15 2.2686205390e-15 2.6304333921e-15 -2.6122297947e-15 3.0220470995e-15 4.4324153379e-15 -2.0219388114e-15 -1.9418902878e-14 -1.2042949725e-14 3.8378475198e-14 2.9158768365e-16 -4.0941369043e-16 -1.3195176524e-14
-6.9230888209e-16 -1.4829011436e-15 6.3083627267e-16 5.1337690384e-15 -6.2691823702e-15 5.3869356133e-15 -1.6093635221e-14 -1.0718406180e-14 -1.5959918855e-02 2.1288237052e-06 -1.4795402071e-05 -1.2326444958e-01 1.6866346389e-05 -1.1722171999e-04 2.5306337206e-01 -4.8105485292e-05 3.3433486986e-04 7.7211052822e-02 -1.6708537912e-05 1.1612494530e-04 -1.7359641203e-02 4.3966747838e-05 -3.0557049423e-04 -5.9427295615e-02 1.1302881492e-04 -7.8555436863e-04 -4.5287997202e-02 8.4393996533e-05 -5.8654134089e-04 -1.2508976594e-16 -2.8215322878e-15 4.8528250866e-16 -1.0707110981e-14 -6.5662929060e-15 5.6144749352e-16 3.7339754147e-15 3.0814745499e-15 3.0125493978e-15 -3.5928076380e-15 -2.6847681831e-15 -1.4798205486e-15 1.7321581146e-15 1.0830368786e-14 3.8105938388e-15 -1.1977301707e-16 5.2310394458e-16 1.4805659411e-15
-9.8560801838e-16 -2.3793191643e-15 2.7814558669e-15 4.5630579096e-15 -3.8579731821e-15 -4.3613878722e-15 3.0152210595e-15 -3.8921241355e-16 2.1288237061e-06 -1.5937023829e-02 -1.6048527881e-04 1.6866346396e-05 -1.2308305577e-01 -1.2715004517e-03 -4.8105485292e-05 2.5254600824e-01 3.6265202223e-03 -1.6708537912e-05 7.7031356204e-02 1.2596037698e-03 4.3966747835e-05 -1.6886788586e-02 -3.3145139096e-03 1.1302881492e-04 -5.8211695790e-02 -8.5208844796e-03 8.4393996533e-05 -4.4380358496e-02 -6.3621961862e-03 3.0543361241e-16 -4.3506954591e-15 1.8634971306e-15 -3.8875361278e-14 -3.5383395507e-14 2.5833622470e-15 1.5275035834e-16 -5.3221650903e-16 1.0918899390e-16 -1.2482279096e-14 -1.1386208916e-14 -2.5806559445e-15 -7.2692554125e-15 1.0354821037e-14 -2.4254913393e-15 -2.1837431347e-15 -1.6791770377e-15 2.8906397034e-15
-1.7399447341e-16 -3.3037196558e-16 3.3905286769e-16 4.0337741911e-16 -7.5894337535e-16 -9.1699452469e-16 -7.5138124898e-16 -8.9374825898e-16 -1.4795402071e-05 -1.6048527881e-04 -1.4844736599e-02 -1.1722172000e-04 -1.2715004517e-03 -1.1442903020e-01 3.3433486986e-04 3.6265202223e-03 2.2786335973e-01 1.1612494530e-04 1.2596037698e-03 6.8458301263e-02 -3.0557049422e-04 -3.3145139096e-03 5.6722974776e-03 -7.8555436865e-04 -8.5208844796e-03 -2.1725933463e-04 -5.8654134090e-04 -6.3621961862e-03 -1.0782830688e-03 3.1652298364e-15 4.4531752177e-15 -7.3447206797e-15 8.2385559616e-14 1.0784109482e-13 9.3915311154e-16 1.3354827264e-15 2.0254619235e-15 -2.6285206016e-15 2.6802067071e-14 3.5134367166e-14 -9.5632788609e-16 -6.0585011057e-15 -3.1220065129e-15 1.1404957638e-14 2.0148707211e-15 2.1803244488e-15 -3.8795955942e-15
9.3727317983e-16 1.9963196971e-15 -2.9071934960e-15 -3.5406212500e-15 5.8457468102e-15 1.1272204244e-14 -1.0735312832e-14 1.0172284837e-15 1.9534893828e-03 -5.2511207880e-06 3.6495480193e-05 1.5241745027e-02 -4.1467591615e-05 2.8820126779e-04 -3.7369982592e-02 1.0849997243e-04 -7.5407874883e-04 -1.7359641203e-02 4.3966747835e-05 -3.0557049422e-04 4.6366159292e-02 -8.5637724909e-05 5.9518529826e-04 1.2008680703e-01 -2.2438457174e-04 1.5594809227e-03 8.9713683963e-02 -1.6778009621e-04 1.1660777620e-03 -2.4541076678e-16 3.9150717253e-15 -5.6000219684e-15 2.5256911183e-14 2.3185812475e-14 -9.1921975973e-16 -6.0616429429e-17 4.2070603731e-16 -1.0014337240e-15 8.3179729048e-15 8.1992750640e-15 3.0739340082e-15 7.3199839078e-15 -1.0580080017e-14 2.5327406445e-15 3.3522326058e-16 -3.8173641060e-16 -2.7335270917e-15
1.1148432571e-15 2.5787778094e-15 -3.4034616611e-15 -4.7098668630e-15 4.8317430598e-15 6.2958499623e-15 2.8060360700e-16 2.4265122779e-15 -5.2511207894e-06 1.8970147439e-03 3.9586536994e-04 -4.1467591626e-05 1.4795770280e-02 3.1261104358e-03 1.0849997243e-04 -3.6203089464e-02 -8.1794693834e-03 4.3966747838e-05 -1.6886788586e-02 -3.3145139096e-03 -8.5637724909e-05 4.5445144563e-02 6.4559569302e-03 -2.2438457175e-04 1.1767360074e-01 1.6915642407e-02 -1.6778009621e-04 8.7909246257e-02 1.2648410220e-02 -1.4335498234e-15 8.2409770050e-15 -7.3407644317e-15 1.0490397312e-13 1.1042126251e-13 -5.2593752651e-15 -1.8085128293e-16 9.7565960912e-16 -1.0914865079e-15 3.4139074924e-14 3.6299102148e-14 5.6014856558e-15 1.6226261119e-14 -1.8786213090e-14 1.2806119020e-15 4.8636625073e-15 4.1025256637e-15 -4.5271540764e-15
2.7260545306e-16 6.0181235980e-16 -8.8562830530e-16 -1.3596781285e-15 2.0415027363e-15 4.1126127480e-15 -4.9289784728e-15 -1.9785987855e-15 3.6495480194e-05 3.9586536994e-04 -7.9730520572e-04 2.8820126780e-04 3.1261104358e-03 -6.4810130696e-03 -7.5407874885e-04 -8.1794693835e-03 1.9467623892e-02 -3.0557049423e-04 -3.3145139096e-03 5.6722974776e-03 5.9518529826e-04 6.4559569302e-03 1.5049192437e-03 1.5594809228e-03 1.6915642407e-02 2.5431643424e-03 1.1660777621e-03 1.2648410220e-02 1.8222414970e-03 -5.4283886555e-15 -1.1314256710e-14 1.6347067548e-14 -2.5798606429e-13 -3.3380701483e-13 3.6156131148e-16 -1.7598398760e-15 -3.9966108489e-15 5.6442520462e-15 -8.4391019159e-14 -1.1066136799e-13 1.1623206714e-15 1.7346447763e-15 -3.6901386794e-15 1.5869842706e-15 -6.0714481977e-15 -7.4160646650e-15 -1.0701303150e-15
-5.2182786118e-16 -1.1658255750e-15 1.5763921617e-15 2.1338941597e-15 -2.6260482642e-15 -6.4552995497e-15 5.4021166025e-16 1.6341512305e-14 6.9367697149e-03 -1.3601512251e-05 9.4531004118e-05 5.4874594175e-02 -1.0731352807e-04 7.4583291742e-04 -1.4610231940e-01 2.7946742925e-04 -1.9423087829e-03 -5.9427295615e-02 1.1302881492e-04 -7.8555436865e-04 1.2008680703e-01 -2.2438457175e-04 1.5594809228e-03 3.1406993868e-01 -5.8724918806e-04 4.0814031847e-03 2.3480782773e-01 -4.3907166481e-04 3.0515640166e-03 -5.1956986379e-15 4.6938515014e-15 6.2735567580e-16 -1.6500800919e-14 -1.4494476372e-14 -3.5597942764e-15 -2.5121863476e-15 -1.5769533135e-15 1.6978189201e-15 -5.2446206401e-15 -3.3760434160e-15 7.6370801922e-15 1.8060321500e-14 -2.8722968386e-14 5.8682167339e-15 -1.1670649033e-15 -2.7608454575e-15 -7.1280042091e-15
-6.6709966155e-16 -1.5781105098e-15 2.1130027478e-15 3.0810845406e-15 -3.0908645288e-15 -4.3846752240e-15 -1.3162822017e-15 5.8268658473e-15 -1.3601512249e-05 6.7904884686e-03 1.0253749428e-03 -1.0731352805e-04 5.3720460992e-02 8.0900270995e-03 2.7946742924e-04 -1.4309670921e-01 -2.1068164628e-02 1.1302881492e-04 -5.8211695790e-02 -8.5208844796e-03 -2.2438457174e-04 1.1767360074e-01 1.6915642407e-02 -5.8724918806e-04 3.0775420396e-01 4.4270856914e-02 -4.3907166481e-04 2.3008570940e-01 3.3100222601e-02 -1.0093521641e-14 8.1648134957e-15 1.8903080763e-15 -8.0377219771e-14 -8.2963334800e-14 -7.0249508291e-15 -2.5861788703e-15 -1.8348430493e-15 4.1285982696e-15 -2.6783871369e-14 -2.8209375292e-14 1.6864018389e-14 4.2337460049e-14 -4.9514883615e-14 4.3847945127e-15 3.9569235509e-15 2.2483666235e-15 -1.1835706247e-14
-8.2762723079e-17 -1.2049177774e-16 -4.5210578308e-17 -1.6742342164e-17 -6.4641450938e-17 -4.9007795370e-16 3.5365402169e-16 1.3607231743e-15 9.4531004116e-05 1.0253749428e-03 -1.8836943137e-04 7.4583291741e-04 8.0900270995e-03 -1.3414945678e-03 -1.9423087829e-03 -2.1068164628e-02 2.9642535330e-04 -7.8555436863e-04 -8.5208844796e-03 -2.1725933463e-04 1.5594809227e-03 1.6915642407e-02 2.5431643424e-03 4.0814031847e-03 4.4270856914e-02 6.4400147750e-03 3.0515640165e-03 3.3100222601e-02 4.8005572612e-03 3.2535853726e-15 1.3379909510e-14 -1.6648023602e-14 2.6419493061e-13 3.2808767932e-13 -3.1535755900e-15 1.1556886706e-15 3.7133307620e-15 -5.0781567368e-15 8.6318736406e-14 1.0857711458e-13 1.8144470415e-15 6.3764999189e-15 -7.2858241506e-15 5.3538077413e-16 7.4041999723e-15 8.0489273051e-15 -1.9045033977e-15
2.7424749542e-16 7.6666790487e-16 -1.6812047646e-15 -2.5224906469e-15 3.5035660322e-15 4.1125294993e-15 -5.5488452455e-15 9.3730701235e-15 5.4836074633e-03 -1.0134807240e-05 7.0437278397e-05 4.3241400030e-02 -7.9980236498e-05 5.5586554839e-04 -1.1212729037e-01 2.0872048076e-04 -1.4506149215e-03 -4.5287997202e-02 8.4393996533e-05 -5.8654134090e-04 8.9713683963e-02 -1.6778009621e-04 1.1660777621e-03 2.3480782773e-01 -4.3907166481e-04 3.0515640165e-03 1.7556100579e-01 -3.2828061684e-04 2.2815622094e-03 -2.7706914692e-15 4.8390030967e-15 -2.9155136250e-15 1.6741953149e-15 -1.4802220778e-15 -2.8888128414e-15 -1.5920479487e-15 -8.1537298887e-16 6.6971481538e-17 6.6587187356e-16 5.7438699487e-16 5.6363818366e-15 1.3326462514e-14 -2.1657048045e-14 4.1692078167e-15 -5.2671893428e-16 -1.8530016353e-15 -5.3539919023e-15
2.7506231045e-16 6.7414189264e-16 -1.1329520448e-15 -1.5504019991e-15 1.9162069429e-15 2.8372433095e-15 -2.7425341580e-15 3.4747888562e-15 -1.0134807242e-05 5.3746098603e-03 7.6403102859e-04 -7.9980236508e-05 4.2381230333e-02 6.0294567927e-03 2.0872048076e-04 -1.0988254791e-01 -1.5734776184e-02 8.4393996533e-05 -4.4380358496e-02 -6.3621961862e-03 -1.6778009621e-04 8.7909246257e-02 1.2648410220e-02 -4.3907166481e-04 2.3008570940e-01 3.3100222601e-02 -3.2828061684e-04 1.7203042060e-01 2.4748036286e-02 -6.4479549063e-15 8.6411168785e-15 -2.6524461052e-15 4.9366523175e-15 1.2026134440e-15 -6.6067088990e-15 -1.5932622977e-15 -5.5608159358e-16 1.7118729195e-15 1.2481742840e-15 -1.5761972440e-16 1.2152631600e-14 3.1578046917e-14 -3.7058172346e-14 3.1412152576e-15 4.5685683198e-15 3.1283228546e-15 -8.8914654076e-15
7.5674046167e-18 -2.3974880769e-17 1.6332017995e-16 2.2463230632e-16 -2.2541552916e-16 -4.7566835425e-16 3.5571613761e-16 1.0112296901e-15 7.0437278398e-05 7.6403102859e-04 1.7449841131e-04 5.5586554839e-04 6.0294567926e-03 1.3438298542e-03 -1.4506149215e-03 -1.5734776184e-02 -2.7892667281e-03 -5.8654134089e-04 -6.3621961862e-03 -1.0782830688e-03 1.1660777620e-03 1.2648410220e-02 1.8222414970e-03 3.0515640166e-03 3.3100222601e-02 4.8005572612e-03 2.2815622094e-03 2.4748036286e-02 3.5915195367e-03 -1.1500357382e-15 9.7138528820e-16 1.8955877616e-16 -4.6004115037e-15 -1.2890101582e-14 -1.3683073531e-15 -3.0272893055e-16 -1.9323576450e-16 4.6185809290e-16 -1.5512239447e-15 -4.3370247587e-15 1.6990549774e-15 4.7490730629e-15 -5.5949041719e-15 5.0678890923e-16 5.1583704018e-16 1.2984374043e-16 -1.3468855678e-15
9.6214018116e-04 1.5163949191e-03 3.2118987520e-03 7.4079190352e-03 -1.7158643611e-02 -2.7051150870e-02 1.2784232343e-02 6.7737631663e-03 -5.9404752891e-15 4.4161679893e-15 6.4082578479e-17 -4.1309362910e-14 3.0940016841e-14 3.0505718138e-16 -5.1530235881e-15 1.1444591952e-15 4.1493655318e-15 -1.2508976594e-16 3.0543361241e-16 3.1652298364e-15 -2.4541076678e-16 -1.4335498234e-15 -5.4283886555e-15 -5.1956986379e-15 -1.0093521641e-14 3.2535853726e-15 -2.7706914692e-15 -6.4479549063e-15 -1.1500357382e-15 2.8329084704e-01 -1.4086868802e-01 -1.3964687277e-01 -1.3659716070e-06 9.4935523812e-06 -3.5903223860e-04 9.2884362144e-02 -4.6109207642e-02 -4.6853001543e-02 1.6540414538e-06 -1.1495648142e-05 2.1856494995e-04 7.3335579136e-03 -3.0556054495e-03 -2.6113124034e-03 -1.5068906856e-06 1.0472944994e-05 -1.3055617588e-04
9.5900219211e-04 1.5068081000e-03 3.2353117042e-03 7.4475927193e-03 -1.7237108757e-02 -2.7062774480e-02 1.2785086199e-02 6.7440433661e-03 -5.7534040577e-15 4.9482467850e-15 8.9560768161e-17 -3.9836896148e-14 3.5032998129e-14 5.4545382829e-16 -8.9699676031e-15 -7.9725017230e-15 2.9616190590e-15 -2.8215322878e-15 -4.3506954591e-15 4.4531752177e-15 3.9150717253e-15 8.2409770050e-15 -1.1314256710e-14 4.6938515014e-15 8.1648134957e-15 1.3379909510e-14 4.8390030967e-15 8.6411168785e-15 9.7138528820e-16 -1.4086868802e-01 2.8327613726e-01 -1.3962219051e-01 -1.3695137130e-06 -3.3075155630e-05 1.0324330138e-04 -4.6085402122e-02 9.2925964257e-02 -4.6844410052e-02 1.6554783417e-06 2.0139876078e-05 -1.2480127094e-04 -3.0594035827e-03 7.3135443584e-03 -2.6062426219e-03 -1.5085886804e-06 -1.2024387677e-05 1.1372772402e-04
8.0929346167e-04 1.0494354036e-03 4.3523083842e-03 9.3403644210e-03 -2.0980562711e-02 -2.7617319420e-02 1.2825822384e-02 5.3261564687e-03 -6.2652176549e-15 4.0791541547e-15 6.1017190640e-16 -4.3799539577e-14 2.8410589926e-14 4.4347897652e-15 -2.6855676461e-15 1.3090960768e-15 -6.3348957623e-15 4.8528250866e-16 1.8634971306e-15 -7.3447206797e-15 -5.6000219684e-15 -7.3407644317e-15 1.6347067548e-14 6.2735567580e-16 1.8903080763e-15 -1.6648023602e-14 -2.9155136250e-15 -2.6524461052e-15 1.8955877616e-16 -1.3964687277e-01 -1.3962219051e-01 2.8253009372e-01 4.5900031645e-06 1.0692636877e-05 1.1598270879e-04 -4.5693470552e-02 -4.5708684580e-02 9.4928693913e-02 -2.8292565459e-06 -1.1982074962e-05 -1.2996920476e-04 -2.7963137490e-03 -2.7874458343e-03 6.3375095933e-03 1.6491099473e-06 1.1047759766e-05 1.1983471607e-04
-5.8355195566e-07 -1.7828000457e-06 4.3539584842e-06 7.3778638356e-06 -1.4591666560e-05 -2.1615692209e-06 1.5878619827e-07 -5.5268030762e-06 1.0789362310e-16 5.2719378676e-16 -7.4013184411e-16 7.4310051295e-16 3.7025849758e-15 -5.0743633348e-15 -1.3825744610e-15 -8.5188363032e-15 1.0633397010e-14 -1.0707110981e-14 -3.8875361278e-14 8.2385559616e-14 2.5256911183e-14 1.0490397312e-13 -2.5798606429e-13 -1.6500800919e-14 -8.0377219771e-14 2.6419493061e-13 1.6741953149e-15 4.9366523175e-15 -4.6004115037e-15 -1.3659716070e-06 -1.3695137130e-06 4.5900031645e-06 8.4830267640e-01 4.6201262840e-04 4.2642939959e-05 6.0810031818e-06 6.0824400793e-06 1.5977051749e-06 2.7800437082e-01 -3.4325941046e-04 -3.1665623182e-05 -2.2132055302e-06 -2.2149033980e-06 9.4279516942e-07 2.0762078455e-02 2.4415784310e-04 2.2532915768e-05
