N 9
1.0438999460e+00 -9.9068449551e-02 1.8144337964e-17 -1.3825730999e-16 1.0050669578e-18 -1.3164108052e-01 -2.3965970912e-17 1.7427810895e-16 6.9346633944e-18
-9.9068449551e-02 2.7467830938e-01 -5.7795206874e-17 -1.8330519971e-16 8.3796324033e-18 2.9382898628e-01 6.2419931802e-17 1.4281321448e-16 4.7023608251e-19
1.8144337964e-17 -5.7795206874e-17 1.4312847483e-02 -7.8379271100e-02 -3.2400607370e-03 -7.4024113241e-17 1.0230566248e-02 -5.6024094884e-02 6.9088001353e-04
-1.3825730999e-16 -1.8330519971e-16 -7.8379271100e-02 4.2921648857e-01 1.7743052120e-02 -1.2370030156e-16 -5.6024094884e-02 3.0679623508e-01 -3.7833612034e-03
1.0050669578e-18 8.3796324033e-18 -3.2400607370e-03 1.7743052120e-02 4.6428575678e-01 4.1906016423e-18 6.9088001353e-04 -3.7833612034e-03 3.1260089781e-01
-1.3164108052e-01 2.9382898628e-01 -7.4024113241e-17 -1.2370030156e-16 4.1906016423e-18 3.1496823831e-01 5.7991493083e-17 1.9530743706e-16 -5.2951146950e-18
-2.3965970912e-17 6.2419931802e-17 1.0230566248e-02 -5.6024094884e-02 6.9088001353e-04 5.7991493083e-17 7.3321285845e-03 -4.0151821274e-02 2.5225188922e-03
1.7427810895e-16 1.4281321448e-16 -5.6024094884e-02 3.0679623508e-01 -3.7833612034e-03 1.9530743706e-16 -4.0151821274e-02 2.1987731572e-01 -1.3813686783e-02
6.9346633944e-18 4.7023608251e-19 6.9088001353e-04 -3.7833612034e-03 3.1260089781e-01 -5.2951146950e-18 2.5225188922e-03 -1.3813686783e-02 2.1104972766e-01
1.0438999460e+00 -9.9068449551e-02 1.9155394754e-17 -1.4379400660e-16 -8.7269119123e-18 -1.3164108052e-01 -2.3304927250e-17 1.7065813602e-16 5.7175379203e-19
-9.9068449551e-02 2.7467830938e-01 -5.8312719674e-17 -1.8047122303e-16 1.3360978348e-17 2.9382898628e-01 6.2081574391e-17 1.4466610973e-16 3.7271126505e-18
1.9155394754e-17 -5.8312719674e-17 1.0473322359e-02 -5.7353463277e-02 3.3717484818e-02 -7.1887507530e-17 7.7202287713e-03 -4.2277115335e-02 2.4854261853e-02
-1.4379400660e-16 -1.8047122303e-16 -5.7353463277e-02 3.1407605314e-01 -1.8464193701e-01 -1.3540067065e-16 -4.2277115335e-02 2.3151574054e-01 -1.3610561631e-01
-8.7269119123e-18 1.3360978348e-17 3.3717484818e-02 -1.8464193701e-01 1.0854901086e-01 -1.6375405965e-17 2.4854261853e-02 -1.3610561631e-01 8.0015029422e-02
-1.3164108052e-01 2.9382898628e-01 -7.1887507530e-17 -1.3540067065e-16 -1.6375405965e-17 3.1496823831e-01 5.9388437032e-17 1.8765756524e-16 -1.8741470163e-17
-2.3304927250e-17 6.2081574391e-17 7.7202287713e-03 -4.2277115335e-02 2.4854261853e-02 5.9388437032e-17 5.6908333609e-03 -3.1163845720e-02 1.8320890055e-02
1.7065813602e-16 1.4466610973e-16 -4.2277115335e-02 2.3151574054e-01 -1.3610561631e-01 1.8765756524e-16 -3.1163845720e-02 1.7065783137e-01 -1.0032790541e-01
5.7175379203e-19 3.7271126505e-18 2.4854261853e-02 -1.3610561631e-01 8.0015029422e-02 -1.8741470163e-17 1.8320890055e-02 -1.0032790541e-01 5.8981697603e-02
Se 29
1.1044523766e+00 3.6811848088e-01 1.7235338765e-15 -6.9913209865e-16 2.3731196312e-16 -1.6609294379e-01 5.6624693094e-17 4.3418357184e-16 -7.7749049491e-16 3.1325990397e-02 1.1669675825e-15 -1.8687630588e-15 2.1862755781e-15 -8.7781067296e-03 -1.9571686282e-15 1.9926591226e-15 -2.4745606502e-15 -7.2085452527e-03 -7.2616482110e-03 -7.2725968764e-03 -1.8011812422e-04 1.8812803298e-04 2.5159708627e-04 -6.6331437306e-04 -6.5875347513e-04 -6.5781303986e-04 1.5470160501e-05 -1.6157959840e-05 -2.1609292828e-05
3.6811848088e-01 1.3136917859e+00 1.0635178930e-14 -4.1969612827e-15 1.0909652222e-15 -5.6701481687e-01 4.4716439767e-16 1.4604443833e-15 -2.8655842856e-15 1.1184880973e-01 3.0198317448e-15 -6.3909886242e-15 7.4834235329e-15 -3.2049556696e-02 -6.5594802574e-15 6.9784430684e-15 -8.9873014528e-15 -3.4252637412e-03 -3.6401735270e-03 -3.6844831944e-03 -7.2894513268e-04 7.6136169504e-04 1.0182233946e-03 3.9464609329e-04 4.0541457205e-04 4.0763508926e-04 3.6526054738e-05 -3.8149625743e-05 -5.1020690546e-05
1.7235338765e-15 1.0635178930e-14 1.1626468972e+00 -2.6383558021e-03 2.7556714316e-03 5.7812650787e-14 -4.4661272528e-01 8.8112114688e-03 -9.2030060349e-03 3.3992051015e-15 5.1288403784e-02 -2.0656154200e-02 2.1574650817e-02 -5.4402540358e-16 2.9614972644e-02 -9.9178820735e-03 1.0358840684e-02 1.6969422500e-14 1.5952067941e-14 1.5810497515e-14 -1.5419376534e-16 -2.1962951059e-16 -1.8903938815e-16 3.1285373990e-15 3.9926153620e-15 4.1364202993e-15 2.4427237336e-16 -6.7761138653e-17 6.1802557254e-17
-6.9913209865e-16 -4.1969612827e-15 -2.6383558021e-03 1.1610912051e+00 3.6853660787e-03 -2.2736096174e-14 8.8112113748e-03 -4.4141724243e-01 -1.2307869917e-02 -8.6702407748e-16 -2.0656150272e-02 3.9108612590e-02 2.8853386061e-02 3.6616949434e-15 -9.9178960205e-03 2.3766956381e-02 1.3853700977e-02 -7.1297168371e-15 -6.1832209487e-15 -6.2402186652e-15 -5.4515814583e-16 -3.2011127878e-15 1.4254774013e-18 -6.7856350163e-16 -1.8907641931e-15 -2.1937461814e-15 1.0971349566e-15 -4.7122232037e-16 3.1002106810e-16
2.3731196312e-16 1.0909652222e-15 2.7556714316e-03 3.6853660787e-03 1.1607704561e+00 -1.7229417771e-15 -9.2030060578e-03 -1.2307870079e-02 -4.4034604979e-01 7.9501664694e-15 2.1574651774e-02 2.8853392828e-02 3.6597413378e-02 2.8625662535e-15 1.0358837287e-02 1.3853676952e-02 2.2561219361e-02 -1.2180752559e-15 7.1105470369e-16 1.0995506170e-15 3.0562132693e-16 1.6555459074e-15 -6.9787517418e-17 1.6240440936e-15 -1.9090008770e-16 -9.1218931922e-16 -5.8470296322e-16 1.3243394545e-16 8.1484550413e-18
-1.6609294379e-01 -5.6701481687e-01 5.7812650787e-14 -2.2736096174e-14 -1.7229417771e-15 1.3794502884e+00 8.2516573330e-15 -1.6063442951e-15 8.1072700954e-15 -3.6060240798e-01 -1.1713310894e-14 2.0848350510e-14 -2.6762612514e-14 1.0312604726e-01 1.7042277053e-14 -2.1410969517e-14 2.8597596861e-14 7.8581028499e-04 1.4098142666e-03 1.5384696707e-03 2.1165373801e-03 -2.2106591077e-03 -2.9564738400e-03 1.3928792384e-04 2.0623786255e-04 2.2004048252e-04 2.2708332449e-04 -2.3718165703e-04 -3.1720038631e-04
5.6624693094e-17 4.4716439767e-16 -4.4661272528e-01 8.8112113748e-03 -9.2030060578e-03 8.2516573330e-15 1.2296783025e+00 -2.9422385581e-02 3.0730666693e-02 -2.5050679438e-15 -1.7947434439e-01 6.8876416755e-02 -7.1939078550e-02 7.9889553087e-15 -9.6723325926e-02 3.3425548106e-02 -3.4911683275e-02 1.4415116115e-15 1.6010497014e-15 1.2857712973e-15 1.8773361490e-16 5.2783338144e-17 3.7134308337e-16 1.1699666735e-16 4.8155086975e-17 -1.7761678960e-17 -3.0286136907e-16 1.6252190399e-17 -1.2973379610e-17
4.3418357184e-16 1.4604443833e-15 8.8112114688e-03 -4.4141724243e-01 -1.2307870079e-02 -1.6063442951e-15 -2.9422385581e-02 1.2123295527e+00 4.1098423973e-02 4.0940599050e-15 6.8876404338e-02 -1.3886173153e-01 -9.6209482108e-02 -1.0656314496e-14 3.3425595211e-02 -7.7014162608e-02 -4.6690166905e-02 8.9612157485e-17 1.0325952781e-15 1.1249696085e-15 6.1062542536e-16 3.4348894482e-15 -2.2893268585e-16 1.0662456227e-15 4.8630115409e-16 3.1563507342e-16 -1.2625450027e-15 -9.1081822112e-17 -2.1121330325e-16
-7.7749049491e-16 -2.8655842856e-15 -9.2030060349e-03 -1.2307869917e-02 -4.4034604979e-01 8.1072700954e-15 3.0730666693e-02 4.1098423973e-02 1.2087526279e+00 -2.0911805996e-14 -7.1939081575e-02 -9.6209503498e-02 -1.3048832406e-01 -3.7477839329e-15 -3.4911671803e-02 -4.6690085763e-02 -7.2950551376e-02 -1.5466715316e-15 6.5630007123e-16 6.5648953942e-16 -1.8413546548e-16 -1.5602524473e-15 7.7283249591e-17 1.4683676937e-15 -9.0411773224e-16 -7.2696982337e-16 4.6389008624e-16 -1.0021934663e-16 -6.3811945770e-17
3.1325990397e-02 1.1184880973e-01 3.3992051015e-15 -8.6702407748e-16 7.9501664694e-15 -3.6060240798e-01 -2.5050679438e-15 4.0940599050e-15 -2.0911805996e-14 7.4331581931e-01 6.1458812540e-15 -3.2478492480e-14 3.8570200164e-14 -2.1024938889e-01 -3.9756572815e-14 3.9100592023e-14 -5.5303595063e-14 1.1341582775e-04 1.7903388322e-04 1.9256297257e-04 2.2256948226e-04 -2.3246236675e-04 -3.1089215391e-04 3.1546735852e-04 4.1117015334e-04 4.3090294609e-04 3.2461247652e-04 -3.3905035677e-04 -4.5343454566e-04
1.1669675825e-15 3.0198317448e-15 5.1288403784e-02 -2.0656150272e-02 2.1574651774e-02 -1.1713310894e-14 -1.7947434439e-01 6.8876404338e-02 -7.1939081575e-02 6.1458812540e-15 4.4735899072e-01 -1.5992611103e-01 1.6703751685e-01 -2.9857909744e-14 2.2488358349e-01 -8.0434855014e-02 8.4011149237e-02 -1.3536325716e-18 -3.2003734949e-16 -1.7120038725e-16 2.0421142941e-16 4.5337211790e-16 -4.9956872578e-16 3.0016060323e-16 2.5240790643e-16 2.1186598228e-16 5.7513071546e-17 -7.8057099996e-17 -1.7918378010e-16
-1.8687630588e-15 -6.3909886242e-15 -2.0656154200e-02 3.9108612590e-02 2.8853392828e-02 2.0848350510e-14 6.8876416755e-02 -1.3886173153e-01 -9.6209503498e-02 -3.2478492480e-14 -1.5992611103e-01 3.5305937438e-01 2.2339164678e-01 1.5065297149e-14 -8.0434980893e-02 1.7745565821e-01 1.1235474489e-01 1.9851535991e-16 1.6992537558e-16 -2.6532323278e-16 -1.0866789752e-15 3.3324221808e-16 1.1048335706e-16 -2.6359818484e-16 -8.7886945552e-17 1.4081551118e-16 -3.9905895440e-16 7.1596595008e-16 -1.6912832075e-16
2.1862755781e-15 7.4834235329e-15 2.1574650817e-02 2.8853386061e-02 3.6597413378e-02 -2.6762612514e-14 -7.1939078550e-02 -9.6209482108e-02 -1.3048832406e-01 3.8570200164e-14 1.6703751685e-01 2.2339164678e-01 3.3361692925e-01 -2.5485570784e-14 8.4011118579e-02 1.1235452805e-01 1.6767703635e-01 -5.3180411279e-17 -2.3727417294e-16 3.6061513695e-17 -1.8930378933e-16 -2.5409047759e-16 1.2653869000e-16 -1.3255555252e-16 2.2422144814e-17 5.3678723227e-16 9.4708847761e-17 1.4815387725e-16 -1.1604062905e-16
-8.7781067296e-03 -3.2049556696e-02 -5.4402540358e-16 3.6616949434e-15 2.8625662535e-15 1.0312604726e-01 7.9889553087e-15 -1.0656314496e-14 -3.7477839329e-15 -2.1024938889e-01 -2.9857909744e-14 1.5065297149e-14 -2.5485570784e-14 5.9478077476e-02 -2.8721460882e-15 -8.0879335195e-15 8.4069852876e-15 1.9936448666e-04 -1.3469856313e-04 -2.0357369761e-04 -1.1330937081e-03 1.1834846040e-03 1.5827575612e-03 3.3223789571e-05 -1.6683843708e-04 -2.0808643279e-04 -6.7858259452e-04 7.0876171661e-04 9.4787615650e-04
-1.9571686282e-15 -6.5594802574e-15 2.9614972644e-02 -9.9178960205e-03 1.0358837287e-02 1.7042277053e-14 -9.6723325926e-02 3.3425595211e-02 -3.4911671803e-02 -3.9756572815e-14 2.2488358349e-01 -8.0434980893e-02 8.4011118579e-02 -2.8721460882e-15 1.1308834240e-01 -4.0438451970e-02 4.2236149561e-02 1.8899353992e-18 -9.6470422635e-17 -1.1687830572e-16 -4.6990506812e-19 -6.8456857712e-17 2.5208347638e-16 1.3087769363e-16 1.3529264631e-16 6.3157841697e-17 -3.5445216119e-17 -1.8221618684e-16 2.0348788149e-16
1.9926591226e-15 6.9784430684e-15 -9.9178820735e-03 2.3766956381e-02 1.3853676952e-02 -2.1410969517e-14 3.3425548106e-02 -7.7014162608e-02 -4.6690085763e-02 3.9100592023e-14 -8.0434855014e-02 1.7745565821e-01 1.1235452805e-01 -8.0879335195e-15 -4.0438451970e-02 8.9244130090e-02 5.6485856697e-02 5.0021443351e-16 -1.0936335820e-16 -3.6236653022e-16 1.2731143989e-15 -1.5465749938e-15 1.6898082557e-16 1.1291158798e-16 -1.2099372599e-16 -2.3502667246e-17 8.2350391101e-16 -5.8294128209e-16 -5.0748120660e-17
-2.4745606502e-15 -8.9873014528e-15 1.0358840684e-02 1.3853700977e-02 2.2561219361e-02 2.8597596861e-14 -3.4911683275e-02 -4.6690166905e-02 -7.2950551376e-02 -5.5303595063e-14 8.4011149237e-02 1.1235474489e-01 1.6767703635e-01 8.4069852876e-15 4.2236149561e-02 5.6485856697e-02 8.4327935392e-02 -2.9597806449e-16 1.5849936027e-16 -1.8853054539e-17 -6.5196321012e-17 5.6590788888e-17 4.6965166364e-16 -2.4670440946e-16 1.3568177248e-16 2.1770267702e-16 3.1222088228e-17 1.9252522907e-16 1.9691873044e-16
-7.2085452527e-03 -3.4252637412e-03 1.6969422500e-14 -7.1297168371e-15 -1.2180752559e-15 7.8581028499e-04 1.4415116115e-15 8.9612157485e-17 -1.5466715316e-15 1.1341582775e-04 -1.3536325716e-18 1.9851535991e-16 -5.3180411279e-17 1.9936448666e-04 1.8899353992e-18 5.0021443351e-16 -2.9597806449e-16 2.2301056344e-01 -1.1146940709e-01 -1.1142824061e-01 -2.5636288450e-04 2.6776257939e-04 -9.4600125309e-04 1.2114364049e-01 -6.0800851734e-02 -6.0812578782e-02 1.3823723034e-04 -1.4438399667e-04 2.6948508822e-04
-7.2616482110e-03 -3.6401735270e-03 1.5952067941e-14 -6.1832209487e-15 7.1105470369e-16 1.4098142666e-03 1.6010497014e-15 1.0325952781e-15 6.5630007123e-16 1.7903388322e-04 -3.2003734949e-16 1.6992537558e-16 -2.3727417294e-16 -1.3469856313e-04 -9.6470422635e-17 -1.0936335820e-16 1.5849936027e-16 -1.1146940709e-01 2.2285849676e-01 -1.1122966372e-01 -2.5942727945e-04 -7.0415622188e-04 3.6237917888e-04 -6.0590539810e-02 1.2143546783e-01 -6.0659140048e-02 1.3825216529e-04 2.0148754019e-04 -1.9311644074e-04
-7.2725968764e-03 -3.6844831944e-03 1.5810497515e-14 -6.2402186652e-15 1.0995506170e-15 1.5384696707e-03 1.2857712973e-15 1.1249696085e-15 6.5648953942e-16 1.9256297257e-04 -1.7120038725e-16 -2.6532323278e-16 3.6061513695e-17 -2.0357369761e-04 -1.1687830572e-16 -3.6236653022e-16 -1.8853054539e-17 -1.1142824061e-01 -1.1122966372e-01 2.2282691938e-01 6.7354643649e-04 2.7162318308e-04 3.6326171999e-04 -6.0558905379e-02 -6.0615778570e-02 1.2149563688e-01 -1.9290637138e-04 -1.4440284043e-04 -1.9312079793e-04
-1.8011812422e-04 -7.2894513268e-04 -1.5419376534e-16 -5.4515814583e-16 3.0562132693e-16 2.1165373801e-03 1.8773361490e-16 6.1062542536e-16 -1.8413546548e-16 2.2256948226e-04 2.0421142941e-16 -1.0866789752e-15 -1.8930378933e-16 -1.1330937081e-03 -4.6990506812e-19 1.2731143989e-15 -6.5196321012e-17 -2.5636288450e-04 -2.5942727945e-04 6.7354643649e-04 6.6879704178e-01 1.3149549573e-03 9.8963730425e-04 8.5158656454e-04 8.5160154098e-04 5.2044297950e-04 3.6396981575e-01 -4.6263312028e-04 -3.4595760896e-04
1.8812803298e-04 7.6136169504e-04 -2.1962951059e-16 -3.2011127878e-15 1.6555459074e-15 -2.2106591077e-03 5.2783338144e-17 3.4348894482e-15 -1.5602524473e-15 -2.3246236675e-04 4.5337211790e-16 3.3324221808e-16 -2.5409047759e-16 1.1834846040e-03 -6.8456857712e-17 -1.5465749938e-15 5.6590788888e-17 2.6776257939e-04 -7.0415622188e-04 2.7162318308e-04 1.3149549573e-03 6.6868259751e-01 -9.4876910917e-04 -8.8945652849e-04 -5.4358501266e-04 -8.8947539026e-04 -4.6263331121e-04 3.6401007998e-01 3.3123539713e-04
2.5159708627e-04 1.0182233946e-03 -1.8903938815e-16 1.4254774013e-18 -6.9787517418e-17 -2.9564738400e-03 3.7134308337e-16 -2.2893268585e-16 7.7283249591e-17 -3.1089215391e-04 -4.9956872578e-16 1.1048335706e-16 1.2653869000e-16 1.5827575612e-03 2.5208347638e-16 1.6898082557e-16 4.6965166364e-16 -9.4600125309e-04 3.6237917888e-04 3.6326171999e-04 9.8963730425e-04 -9.4876910917e-04 6.6812316061e-01 -7.2695360148e-04 -1.1895551851e-03 -1.1895594461e-03 -3.4595770394e-04 3.3123525983e-04 3.6420539126e-01
-6.6331437306e-04 3.9464609329e-04 3.1285373990e-15 -6.7856350163e-16 1.6240440936e-15 1.3928792384e-04 1.1699666735e-16 1.0662456227e-15 1.4683676937e-15 3.1546735852e-04 3.0016060323e-16 -2.6359818484e-16 -1.3255555252e-16 3.3223789571e-05 1.3087769363e-16 1.1291158798e-16 -2.4670440946e-16 1.2114364049e-01 -6.0590539810e-02 -6.0558905379e-02 8.5158656454e-04 -8.8945652849e-04 -7.2695360148e-04 6.5821978001e-02 -3.3035467743e-02 -3.3036657308e-02 6.1671330555e-04 -6.4413789576e-04 2.7336962656e-05
-6.5875347513e-04 4.0541457205e-04 3.9926153620e-15 -1.8907641931e-15 -1.9090008770e-16 2.0623786255e-04 4.8155086975e-17 4.8630115409e-16 -9.0411773224e-16 4.1117015334e-04 2.5240790643e-16 -8.7886945552e-17 2.2422144814e-17 -1.6683843708e-04 1.3529264631e-16 -1.2099372599e-16 1.3568177248e-16 -6.0800851734e-02 1.2143546783e-01 -6.0615778570e-02 8.5160154098e-04 -5.4358501266e-04 -1.1895551851e-03 -3.3035467743e-02 6.6186073844e-02 -3.3041880536e-02 6.1825065987e-04 1.8834149332e-05 -8.6359985665e-04
-6.5781303986e-04 4.0763508926e-04 4.1364202993e-15 -2.1937461814e-15 -9.1218931922e-16 2.2004048252e-04 -1.7761678960e-17 3.1563507342e-16 -7.2696982337e-16 4.3090294609e-04 2.1186598228e-16 1.4081551118e-16 5.3678723227e-16 -2.0808643279e-04 6.3157841697e-17 -2.3502667246e-17 2.1770267702e-16 -6.0812578782e-02 -6.0659140048e-02 1.2149563688e-01 5.2044297950e-04 -8.8947539026e-04 -1.1895594461e-03 -3.3036657308e-02 -3.3041880536e-02 6.6261254645e-02 -1.7716935835e-05 -6.4607469879e-04 -8.6404261440e-04
1.5470160501e-05 3.6526054738e-05 2.4427237336e-16 1.0971349566e-15 -5.8470296322e-16 2.2708332449e-04 -3.0286136907e-16 -1.2625450027e-15 4.6389008624e-16 3.2461247652e-04 5.7513071546e-17 -3.9905895440e-16 9.4708847761e-17 -6.7858259452e-04 -3.5445216119e-17 8.2350391101e-16 3.1222088228e-17 1.3823723034e-04 1.3825216529e-04 -1.9290637138e-04 3.6396981575e-01 -4.6263331121e-04 -3.4595770394e-04 6.1671330555e-04 6.1825065987e-04 -1.7716935835e-05 1.9808335103e-01 -8.9423492498e-04 -6.7186093647e-04
-1.6157959840e-05 -3.8149625743e-05 -6.7761138653e-17 -4.7122232037e-16 1.3243394545e-16 -2.3718165703e-04 1.6252190399e-17 -9.1081822112e-17 -1.0021934663e-16 -3.3905035677e-04 -7.8057099996e-17 7.1596595008e-16 1.4815387725e-16 7.0876171661e-04 -1.8221618684e-16 -5.8294128209e-16 1.9252522907e-16 -1.4438399667e-04 2.0148754019e-04 -1.4440284043e-04 -4.6263312028e-04 3.6401007998e-01 3.3123525983e-04 -6.4413789576e-04 1.8834149332e-05 -6.4607469879e-04 -8.9423492498e-04 1.9816117879e-01 6.4389170792e-04
-2.1609292828e-05 -5.1020690546e-05 6.1802557254e-17 3.1002106810e-16 8.1484550413e-18 -3.1720038631e-04 -1.2973379610e-17 -2.1121330325e-16 -6.3811945770e-17 -4.5343454566e-04 -1.7918378010e-16 -1.6912832075e-16 -1.1604062905e-16 9.4787615650e-04 2.0348788149e-16 -5.0748120660e-17 1.9691873044e-16 2.6948508822e-04 -1.9311644074e-04 -1.9312079793e-04 -3.4595760896e-04 3.3123539713e-04 3.6420539126e-01 2.7336962656e-05 -8.6359985665e-04 -8.6404261440e-04 -6.7186093647e-04 6.4389170792e-04 1.9854084631e-01
1.1044523766e+00 3.6811848088e-01 1.7235338765e-15 -6.9913209865e-16 2.3731196312e-16 -1.6609294379e-01 5.6624693094e-17 4.3418357184e-16 -7.7749049491e-16 3.1325990397e-02 1.1669675825e-15 -1.8687630588e-15 2.1862755781e-15 -8.7781067296e-03 -1.9571686282e-15 1.9926591226e-15 -2.4745606502e-15 -7.2085452527e-03 -7.2616482110e-03 -7.2725968764e-03 -1.8011812422e-04 1.8812803298e-04 2.5159708627e-04 -6.6331437306e-04 -6.5875347513e-04 -6.5781303986e-04 1.5470160501e-05 -1.6157959840e-05 -2.1609292828e-05
3.6811848088e-01 1.3136917859e+00 1.0635178930e-14 -4.1969612827e-15 1.0909652222e-15 -5.6701481687e-01 4.4716439767e-16 1.4604443833e-15 -2.8655842856e-15 1.1184880973e-01 3.0198317448e-15 -6.3909886242e-15 7.4834235329e-15 -3.2049556696e-02 -6.5594802574e-15 6.9784430684e-15 -8.9873014528e-15 -3.4252637412e-03 -3.6401735270e-03 -3.6844831944e-03 -7.2894513268e-04 7.6136169504e-04 1.0182233946e-03 3.9464609329e-04 4.0541457205e-04 4.0763508926e-04 3.6526054738e-05 -3.8149625743e-05 -5.1020690546e-05
1.7235338765e-15 1.0635178930e-14 1.1626468972e+00 -2.6383558021e-03 2.7556714316e-03 5.7812650787e-14 -4.4661272528e-01 8.8112114688e-03 -9.2030060349e-03 3.3992051015e-15 5.1288403784e-02 -2.0656154200e-02 2.1574650817e-02 -5.4402540358e-16 2.9614972644e-02 -9.9178820735e-03 1.0358840684e-02 1.6969422500e-14 1.5952067941e-14 1.5810497515e-14 -1.5419376534e-16 -2.1962951059e-16 -1.8903938815e-16 3.1285373990e-15 3.9926153620e-15 4.1364202993e-15 2.4427237336e-16 -6.7761138653e-17 6.1802557254e-17
-6.9913209865e-16 -4.1969612827e-15 -2.6383558021e-03 1.1610912051e+00 3.6853660787e-03 -2.2736096174e-14 8.8112113748e-03 -4.4141724243e-01 -1.2307869917e-02 -8.6702407748e-16 -2.0656150272e-02 3.9108612590e-02 2.8853386061e-02 3.6616949434e-15 -9.9178960205e-03 2.3766956381e-02 1.3853700977e-02 -7.1297168371e-15 -6.1832209487e-15 -6.2402186652e-15 -5.4515814583e-16 -3.2011127878e-15 1.4254774013e-18 -6.7856350163e-16 -1.8907641931e-15 -2.1937461814e-15 1.0971349566e-15 -4.7122232037e-16 3.1002106810e-16
2.3731196312e-16 1.0909652222e-15 2.7556714316e-03 3.6853660787e-03 1.1607704561e+00 -1.7229417771e-15 -9.2030060578e-03 -1.2307870079e-02 -4.4034604979e-01 7.9501664694e-15 2.1574651774e-02 2.8853392828e-02 3.6597413378e-02 2.8625662535e-15 1.0358837287e-02 1.3853676952e-02 2.2561219361e-02 -1.2180752559e-15 7.1105470369e-16 1.0995506170e-15 3.0562132693e-16 1.6555459074e-15 -6.9787517418e-17 1.6240440936e-15 -1.9090008770e-16 -9.1218931922e-16 -5.8470296322e-16 1.3243394545e-16 8.1484550413e-18
-1.6609294379e-01 -5.6701481687e-01 5.7812650787e-14 -2.2736096174e-14 -1.7229417771e-15 1.3794502884e+00 8.2516573330e-15 -1.6063442951e-15 8.1072700954e-15 -3.6060240798e-01 -1.1713310894e-14 2.0848350510e-14 -2.6762612514e-14 1.0312604726e-01 1.7042277053e-14 -2.1410969517e-14 2.8597596861e-14 7.8581028499e-04 1.4098142666e-03 1.5384696707e-03 2.1165373801e-03 -2.2106591077e-03 -2.9564738400e-03 1.3928792384e-04 2.0623786255e-04 2.2004048252e-04 2.2708332449e-04 -2.3718165703e-04 -3.1720038631e-04
5.6624693094e-17 4.4716439767e-16 -4.4661272528e-01 8.8112113748e-03 -9.2030060578e-03 8.2516573330e-15 1.2296783025e+00 -2.9422385581e-02 3.0730666693e-02 -2.5050679438e-15 -1.7947434439e-01 6.8876416755e-02 -7.1939078550e-02 7.9889553087e-15 -9.6723325926e-02 3.3425548106e-02 -3.4911683275e-02 1.4415116115e-15 1.6010497014e-15 1.2857712973e-15 1.8773361490e-16 5.2783338144e-17 3.7134308337e-16 1.1699666735e-16 4.8155086975e-17 -1.7761678960e-17 -3.0286136907e-16 1.6252190399e-17 -1.2973379610e-17
4.3418357184e-16 1.4604443833e-15 8.8112114688e-03 -4.4141724243e-01 -1.2307870079e-02 -1.6063442951e-15 -2.9422385581e-02 1.2123295527e+00 4.1098423973e-02 4.0940599050e-15 6.8876404338e-02 -1.3886173153e-01 -9.6209482108e-02 -1.0656314496e-14 3.3425595211e-02 -7.7014162608e-02 -4.6690166905e-02 8.9612157485e-17 1.0325952781e-15 1.1249696085e-15 6.1062542536e-16 3.4348894482e-15 -2.2893268585e-16 1.0662456227e-15 4.8630115409e-16 3.1563507342e-16 -1.2625450027e-15 -9.1081822112e-17 -2.1121330325e-16
-7.7749049491e-16 -2.8655842856e-15 -9.2030060349e-03 -1.2307869917e-02 -4.4034604979e-01 8.1072700954e-15 3.0730666693e-02 4.1098423973e-02 1.2087526279e+00 -2.0911805996e-14 -7.1939081575e-02 -9.6209503498e-02 -1.3048832406e-01 -3.7477839329e-15 -3.4911671803e-02 -4.6690085763e-02 -7.2950551376e-02 -1.5466715316e-15 6.5630007123e-16 6.5648953942e-16 -1.8413546548e-16 -1.5602524473e-15 7.7283249591e-17 1.4683676937e-15 -9.0411773224e-16 -7.2696982337e-16 4.6389008624e-16 -1.0021934663e-16 -6.3811945770e-17
3.1325990397e-02 1.1184880973e-01 3.3992051015e-15 -8.6702407748e-16 7.9501664694e-15 -3.6060240798e-01 -2.5050679438e-15 4.0940599050e-15 -2.0911805996e-14 7.4331581931e-01 6.1458812540e-15 -3.2478492480e-14 3.8570200164e-14 -2.1024938889e-01 -3.9756572815e-14 3.9100592023e-14 -5.5303595063e-14 1.1341582775e-04 1.7903388322e-04 1.9256297257e-04 2.2256948226e-04 -2.3246236675e-04 -3.1089215391e-04 3.1546735852e-04 4.1117015334e-04 4.3090294609e-04 3.2461247652e-04 -3.3905035677e-04 -4.5343454566e-04
1.1669675825e-15 3.0198317448e-15 5.1288403784e-02 -2.0656150272e-02 2.1574651774e-02 -1.1713310894e-14 -1.7947434439e-01 6.8876404338e-02 -7.1939081575e-02 6.1458812540e-15 4.4735899072e-01 -1.5992611103e-01 1.6703751685e-01 -2.9857909744e-14 2.2488358349e-01 -8.0434855014e-02 8.4011149237e-02 -1.3536325716e-18 -3.2003734949e-16 -1.7120038725e-16 2.0421142941e-16 4.5337211790e-16 -4.9956872578e-16 3.0016060323e-16 2.5240790643e-16 2.1186598228e-16 5.7513071546e-17 -7.8057099996e-17 -1.7918378010e-16
-1.8687630588e-15 -6.3909886242e-15 -2.0656154200e-02 3.9108612590e-02 2.8853392828e-02 2.0848350510e-14 6.8876416755e-02 -1.3886173153e-01 -9.6209503498e-02 -3.2478492480e-14 -1.5992611103e-01 3.5305937438e-01 2.2339164678e-01 1.5065297149e-14 -8.0434980893e-02 1.7745565821e-01 1.1235474489e-01 1.9851535991e-16 1.6992537558e-16 -2.6532323278e-16 -1.0866789752e-15 3.3324221808e-16 1.1048335706e-16 -2.6359818484e-16 -8.7886945552e-17 1.4081551118e-16 -3.9905895440e-16 7.1596595008e-16 -1.6912832075e-16
2.1862755781e-15 7.4834235329e-15 2.1574650817e-02 2.8853386061e-02 3.6597413378e-02 -2.6762612514e-14 -7.1939078550e-02 -9.6209482108e-02 -1.3048832406e-01 3.8570200164e-14 1.6703751685e-01 2.2339164678e-01 3.3361692925e-01 -2.5485570784e-14 8.4011118579e-02 1.1235452805e-01 1.6767703635e-01 -5.3180411279e-17 -2.3727417294e-16 3.6061513695e-17 -1.8930378933e-16 -2.5409047759e-16 1.2653869000e-16 -1.3255555252e-16 2.2422144814e-17 5.3678723227e-16 9.4708847761e-17 1.4815387725e-16 -1.1604062905e-16
-8.7781067296e-03 -3.2049556696e-02 -5.4402540358e-16 3.6616949434e-15 2.8625662535e-15 1.0312604726e-01 7.9889553087e-15 -1.0656314496e-14 -3.7477839329e-15 -2.1024938889e-01 -2.9857909744e-14 1.5065297149e-14 -2.5485570784e-14 5.9478077476e-02 -2.8721460882e-15 -8.0879335195e-15 8.4069852876e-15 1.9936448666e-04 -1.3469856313e-04 -2.0357369761e-04 -1.1330937081e-03 1.1834846040e-03 1.5827575612e-03 3.3223789571e-05 -1.6683843708e-04 -2.0808643279e-04 -6.7858259452e-04 7.0876171661e-04 9.4787615650e-04
-1.9571686282e-15 -6.5594802574e-15 2.9614972644e-02 -9.9178960205e-03 1.0358837287e-02 1.7042277053e-14 -9.6723325926e-02 3.3425595211e-02 -3.4911671803e-02 -3.9756572815e-14 2.2488358349e-01 -8.0434980893e-02 8.4011118579e-02 -2.8721460882e-15 1.1308834240e-01 -4.0438451970e-02 4.2236149561e-02 1.8899353992e-18 -9.6470422635e-17 -1.1687830572e-16 -4.6990506812e-19 -6.8456857712e-17 2.5208347638e-16 1.3087769363e-16 1.3529264631e-16 6.3157841697e-17 -3.5445216119e-17 -1.8221618684e-16 2.0348788149e-16
1.9926591226e-15 6.9784430684e-15 -9.9178820735e-03 2.3766956381e-02 1.3853676952e-02 -2.1410969517e-14 3.3425548106e-02 -7.7014162608e-02 -4.6690085763e-02 3.9100592023e-14 -8.0434855014e-02 1.7745565821e-01 1.1235452805e-01 -8.0879335195e-15 -4.0438451970e-02 8.9244130090e-02 5.6485856697e-02 5.0021443351e-16 -1.0936335820e-16 -3.6236653022e-16 1.2731143989e-15 -1.5465749938e-15 1.6898082557e-16 1.1291158798e-16 -1.2099372599e-16 -2.3502667246e-17 8.2350391101e-16 -5.8294128209e-16 -5.0748120660e-17
-2.4745606502e-15 -8.9873014528e-15 1.0358840684e-02 1.3853700977e-02 2.2561219361e-02 2.8597596861e-14 -3.4911683275e-02 -4.6690166905e-02 -7.2950551376e-02 -5.5303595063e-14 8.4011149237e-02 1.1235474489e-01 1.6767703635e-01 8.4069852876e-15 4.2236149561e-02 5.6485856697e-02 8.4327935392e-02 -2.9597806449e-16 1.5849936027e-16 -1.8853054539e-17 -6.5196321012e-17 5.6590788888e-17 4.6965166364e-16 -2.4670440946e-16 1.3568177248e-16 2.1770267702e-16 3.1222088228e-17 1.9252522907e-16 1.9691873044e-16
-7.2085452527e-03 -3.4252637412e-03 1.6969422500e-14 -7.1297168371e-15 -1.2180752559e-15 7.8581028499e-04 1.4415116115e-15 8.9612157485e-17 -1.5466715316e-15 1.1341582775e-04 -1.3536325716e-18 1.9851535991e-16 -5.3180411279e-17 1.9936448666e-04 1.8899353992e-18 5.0021443351e-16 -2.9597806449e-16 2.2301056344e-01 -1.1146940709e-01 -1.1142824061e-01 -2.5636288450e-04 2.6776257939e-04 -9.4600125309e-04 1.2114364049e-01 -6.0800851734e-02 -6.0812578782e-02 1.3823723034e-04 -1.4438399667e-04 2.6948508822e-04
-7.2616482110e-03 -3.6401735270e-03 1.5952067941e-14 -6.1832209487e-15 7.1105470369e-16 1.4098142666e-03 1.6010497014e-15 1.0325952781e-15 6.5630007123e-16 1.7903388322e-04 -3.2003734949e-16 1.6992537558e-16 -2.3727417294e-16 -1.3469856313e-04 -9.6470422635e-17 -1.0936335820e-16 1.5849936027e-16 -1.1146940709e-01 2.2285849676e-01 -1.1122966372e-01 -2.5942727945e-04 -7.0415622188e-04 3.6237917888e-04 -6.0590539810e-02 1.2143546783e-01 -6.0659140048e-02 1.3825216529e-04 2.0148754019e-04 -1.9311644074e-04
-7.2725968764e-03 -3.6844831944e-03 1.5810497515e-14 -6.2402186652e-15 1.0995506170e-15 1.5384696707e-03 1.2857712973e-15 1.1249696085e-15 6.5648953942e-16 1.9256297257e-04 -1.7120038725e-16 -2.6532323278e-16 3.6061513695e-17 -2.0357369761e-04 -1.1687830572e-16 -3.6236653022e-16 -1.8853054539e-17 -1.1142824061e-01 -1.1122966372e-01 2.2282691938e-01 6.7354643649e-04 2.7162318308e-04 3.6326171999e-04 -6.0558905379e-02 -6.0615778570e-02 1.2149563688e-01 -1.9290637138e-04 -1.4440284043e-04 -1.9312079793e-04
-1.8011812422e-04 -7.2894513268e-04 -1.5419376534e-16 -5.4515814583e-16 3.0562132693e-16 2.1165373801e-03 1.8773361490e-16 6.1062542536e-16 -1.8413546548e-16 2.2256948226e-04 2.0421142941e-16 -1.0866789752e-15 -1.8930378933e-16 -1.1330937081e-03 -4.6990506812e-19 1.2731143989e-15 -6.5196321012e-17 -2.5636288450e-04 -2.5942727945e-04 6.7354643649e-04 6.6879704178e-01 1.3149549573e-03 9.8963730425e-04 8.5158656454e-04 8.5160154098e-04 5.2044297950e-04 3.6396981575e-01 -4.6263312028e-04 -3.4595760896e-04
1.8812803298e-04 7.6136169504e-04 -2.1962951059e-16 -3.2011127878e-15 1.6555459074e-15 -2.2106591077e-03 5.2783338144e-17 3.4348894482e-15 -1.5602524473e-15 -2.3246236675e-04 4.5337211790e-16 3.3324221808e-16 -2.5409047759e-16 1.1834846040e-03 -6.8456857712e-17 -1.5465749938e-15 5.6590788888e-17 2.6776257939e-04 -7.0415622188e-04 2.7162318308e-04 1.3149549573e-03 6.6868259751e-01 -9.4876910917e-04 -8.8945652849e-04 -5.4358501266e-04 -8.8947539026e-04 -4.6263331121e-04 3.6401007998e-01 3.3123539713e-04
2.5159708627e-04 1.0182233946e-03 -1.8903938815e-16 1.4254774013e-18 -6.9787517418e-17 -2.9564738400e-03 3.7134308337e-16 -2.2893268585e-16 7.7283249591e-17 -3.1089215391e-04 -4.9956872578e-16 1.1048335706e-16 1.2653869000e-16 1.5827575612e-03 2.5208347638e-16 1.6898082557e-16 4.6965166364e-16 -9.4600125309e-04 3.6237917888e-04 3.6326171999e-04 9.8963730425e-04 -9.4876910917e-04 6.6812316061e-01 -7.2695360148e-04 -1.1895551851e-03 -1.1895594461e-03 -3.4595770394e-04 3.3123525983e-04 3.6420539126e-01
-6.6331437306e-04 3.9464609329e-04 3.1285373990e-15 -6.7856350163e-16 1.6240440936e-15 1.3928792384e-04 1.1699666735e-16 1.0662456227e-15 1.4683676937e-15 3.1546735852e-04 3.0016060323e-16 -2.6359818484e-16 -1.3255555252e-16 3.3223789571e-05 1.3087769363e-16 1.1291158798e-16 -2.4670440946e-16 1.2114364049e-01 -6.0590539810e-02 -6.0558905379e-02 8.5158656454e-04 -8.8945652849e-04 -7.2695360148e-04 6.5821978001e-02 -3.3035467743e-02 -3.3036657308e-02 6.1671330555e-04 -6.4413789576e-04 2.7336962656e-05
-6.5875347513e-04 4.0541457205e-04 3.9926153620e-15 -1.8907641931e-15 -1.9090008770e-16 2.0623786255e-04 4.8155086975e-17 4.8630115409e-16 -9.0411773224e-16 4.1117015334e-04 2.5240790643e-16 -8.7886945552e-17 2.2422144814e-17 -1.6683843708e-04 1.3529264631e-16 -1.2099372599e-16 1.3568177248e-16 -6.0800851734e-02 1.2143546783e-01 -6.0615778570e-02 8.5160154098e-04 -5.4358501266e-04 -1.1895551851e-03 -3.3035467743e-02 6.6186073844e-02 -3.3041880536e-02 6.1825065987e-04 1.8834149332e-05 -8.6359985665e-04
-6.5781303986e-04 4.0763508926e-04 4.1364202993e-15 -2.1937461814e-15 -9.1218931922e-16 2.2004048252e-04 -1.7761678960e-17 3.1563507342e-16 -7.2696982337e-16 4.3090294609e-04 2.1186598228e-16 1.4081551118e-16 5.3678723227e-16 -2.0808643279e-04 6.3157841697e-17 -2.3502667246e-17 2.1770267702e-16 -6.0812578782e-02 -6.0659140048e-02 1.2149563688e-01 5.2044297950e-04 -8.8947539026e-04 -1.1895594461e-03 -3.3036657308e-02 -3.3041880536e-02 6.6261254645e-02 -1.7716935835e-05 -6.4607469879e-04 -8.6404261440e-04
1.5470160501e-05 3.6526054738e-05 2.4427237336e-16 1.0971349566e-15 -5.8470296322e-16 2.2708332449e-04 -3.0286136907e-16 -1.2625450027e-15 4.6389008624e-16 3.2461247652e-04 5.7513071546e-17 -3.9905895440e-16 9.4708847761e-17 -6.7858259452e-04 -3.5445216119e-17 8.2350391101e-16 3.1222088228e-17 1.3823723034e-04 1.3825216529e-04 -1.9290637138e-04 3.6396981575e-01 -4.6263331121e-04 -3.4595770394e-04 6.1671330555e-04 6.1825065987e-04 -1.7716935835e-05 1.9808335103e-01 -8.9423492498e-04 -6.7186093647e-04
-1.6157959840e-05 -3.8149625743e-05 -6.7761138653e-17 -4.7122232037e-16 1.3243394545e-16 -2.3718165703e-04 1.6252190399e-17 -9.1081822112e-17 -1.0021934663e-16 -3.3905035677e-04 -7.8057099996e-17 7.1596595008e-16 1.4815387725e-16 7.0876171661e-04 -1.8221618684e-16 -5.8294128209e-16 1.9252522907e-16 -1.4438399667e-04 2.0148754019e-04 -1.4440284043e-04 -4.6263312028e-04 3.6401007998e-01 3.3123525983e-04 -6.4413789576e-04 1.8834149332e-05 -6.4607469879e-04 -8.9423492498e-04 1.9816117879e-01 6.4389170792e-04
-2.1609292828e-05 -5.1020690546e-05 6.1802557254e-17 3.1002106810e-16 8.1484550413e-18 -3.1720038631e-04 -1.2973379610e-17 -2.1121330325e-16 -6.3811945770e-17 -4.5343454566e-04 -1.7918378010e-16 -1.6912832075e-16 -1.1604062905e-16 9.4787615650e-04 2.0348788149e-16 -5.0748120660e-17 1.9691873044e-16 2.6948508822e-04 -1.9311644074e-04 -1.9312079793e-04 -3.4595760896e-04 3.3123539713e-04 3.6420539126e-01 2.7336962656e-05 -8.6359985665e-04 -8.6404261440e-04 -6.7186093647e-04 6.4389170792e-04 1.9854084631e-01
Ge 29
1.1030531918e+00 3.6491409265e-01 -6.0804281348e-15 -8.1588926542e-15 -9.0210912103e-15 -1.4683211247e-01 -1.3707101795e-15 -6.0667835986e-17 -3.2186620528e-16 2.7242780492e-02 3.6322664986e-16 1.7001231740e-16 -1.0668195297e-15 -7.5700961355e-03 -6.5880786871e-16 8.3928372033e-17 8.2361837856e-16 -3.8268660911e-03 -3.8123833172e-03 -3.9483956683e-03 -2.8698129076e-04 9.0149390652e-05 -9.4794065156e-05 2.6649965176e-04 2.6832206319e-04 2.5117882114e-04 -3.6154608240e-05 1.1353371769e-05 -1.1952097729e-05
3.6491409265e-01 1.3004718366e+00 -4.3942999553e-14 -5.9347609024e-14 -6.5096628683e-14 -5.4434411288e-01 -1.0139064288e-14 -5.6203453480e-16 -2.7312164001e-15 9.0934709058e-02 1.0135945179e-15 7.8979544794e-16 -4.9629317827e-15 -2.7512700053e-02 -2.5016169043e-15 4.5616281303e-16 3.8467669352e-15 -3.7260617855e-03 -3.6662442355e-03 -4.2280230625e-03 -1.1853257486e-03 3.7234441379e-04 -3.9153470282e-04 4.2148084474e-04 4.3068796470e-04 3.4412156359e-04 -1.8259245029e-04 5.7344192119e-05 -6.0346909173e-05
-6.0804281348e-15 -4.3942999553e-14 1.1491399845e+00 -2.6098402770e-03 8.1978361311e-04 -3.3711983478e-13 -4.1736682113e-01 8.7273768720e-03 -2.7413783686e-03 -1.6481142061e-14 1.7049539676e-02 -2.3369126729e-02 7.3405291962e-03 -8.4664259094e-15 1.6410275765e-02 -1.5550538227e-02 4.8846014617e-03 -9.2333723328e-14 -9.2304123866e-14 -9.2560012793e-14 -6.8284026141e-16 -1.6299485507e-16 -5.0480463866e-16 -1.8315933262e-14 -1.8320322084e-14 -1.8147346723e-14 1.3935958620e-15 -9.0657358593e-16 5.4948135363e-16
-8.1588926542e-15 -5.9347609024e-14 -2.6098402770e-03 1.1494033497e+00 -8.6218115009e-04 -4.5643513141e-13 8.7273768720e-03 -4.1824752125e-01 2.8831580473e-03 -2.4020648389e-14 -2.3369126729e-02 1.9407766308e-02 -7.7201914930e-03 -1.1085067522e-14 -1.5550538227e-02 1.7979497752e-02 -5.1372869094e-03 -1.2524037357e-13 -1.2542419622e-13 -1.2454892277e-13 4.4695425896e-15 -1.9093218749e-15 1.1569119657e-15 -2.4299685327e-14 -2.4148007218e-14 -2.5397420015e-14 -5.0806877521e-15 6.9939893307e-16 -1.5201006695e-15
-9.0210912103e-15 -6.5096628683e-14 8.1978361311e-04 -8.6218115009e-04 1.1469293406e+00 -4.9782638829e-13 -2.7413783686e-03 2.8831580473e-03 -4.0997436600e-01 -2.8354375659e-14 7.3405291962e-03 -7.7201914930e-03 -2.7451257572e-03 -1.0712327315e-14 4.8846014617e-03 -5.1372869094e-03 3.2382244015e-03 -1.3654715913e-13 -1.3640693779e-13 -1.3691948329e-13 1.4884198704e-15 -6.7594176719e-16 2.6786987620e-16 -2.7328127532e-14 -2.7050585483e-14 -2.7221847002e-14 -1.7323743303e-15 4.4139769422e-16 -5.7643101420e-16
-1.4683211247e-01 -5.4434411288e-01 -3.3711983478e-13 -4.5643513141e-13 -4.9782638829e-13 1.3387246887e+00 -8.3656816800e-14 -1.0130569882e-14 -3.5995563392e-14 -3.1933797478e-01 -4.8334435027e-15 -3.8243697704e-18 1.8075991306e-14 9.8049105113e-02 7.5226347283e-15 -1.5874471005e-15 -1.4610457104e-14 6.4451960257e-04 4.6808134405e-04 2.1252356417e-03 3.4964376954e-03 -1.0983127918e-03 1.1549807330e-03 1.5574966539e-04 1.0761743710e-04 5.5987397359e-04 9.5410662326e-04 -2.9968183208e-04 3.1523432316e-04
-1.3707101795e-15 -1.0139064288e-14 -4.1736682113e-01 8.7273768720e-03 -2.7413783686e-03 -8.3656816800e-14 1.1691492582e+00 -2.9180876814e-02 9.1660777025e-03 -4.0572151881e-15 -6.3692284457e-02 7.8007373509e-02 -2.4503068036e-02 4.9495530888e-15 -5.2602789865e-02 5.2408421975e-02 -1.6462084367e-02 -2.2492528708e-14 -2.2661988276e-14 -2.2434841953e-14 -8.4919135943e-16 1.0538374206e-15 -7.4951178399e-17 -4.9690850481e-15 -5.1346885216e-15 -4.6660998685e-15 2.4447635544e-16 5.6860895436e-16 1.4984651226e-16
-6.0667835986e-17 -5.6203453480e-16 8.7273768720e-03 -4.1824752125e-01 2.8831580473e-03 -1.0130569882e-14 -2.9180876814e-02 1.1720939678e+00 -9.6401365434e-03 5.6741022082e-15 7.8007373509e-02 -7.1564164110e-02 2.5770415841e-02 5.8959732581e-15 5.2408421975e-02 -5.7891382878e-02 1.7313680848e-02 -1.0443301121e-15 -1.0170221013e-16 -5.9313561775e-15 -1.3632435235e-14 5.9828358048e-15 -3.6635273065e-15 -2.4975198808e-15 -3.3254997002e-15 3.6287123375e-15 1.5515589210e-14 -3.1479483520e-15 4.9481451421e-15
-3.2186620528e-16 -2.7312164001e-15 -2.7413783686e-03 2.8831580473e-03 -4.0997436600e-01 -3.5995563392e-14 9.1660777025e-03 -9.6401365434e-03 1.1444318227e+00 7.7163564192e-15 -2.4503068036e-02 2.5770415841e-02 2.3833721054e-03 -1.7870198002e-15 -1.6462084367e-02 1.7313680848e-02 -8.2103500201e-03 -8.6688009748e-15 -8.5582795189e-15 -8.4992446354e-15 2.3695752041e-16 2.2734516059e-16 3.7887815281e-16 -1.4069699969e-15 -1.6508440658e-15 -1.6893741877e-15 -2.8376849167e-16 2.4288051496e-16 6.2915785555e-17
2.7242780492e-02 9.0934709058e-02 -1.6481142061e-14 -2.4020648389e-14 -2.8354375659e-14 -3.1933797478e-01 -4.0572151881e-15 5.6741022082e-15 7.7163564192e-15 7.0258008057e-01 1.5568600173e-15 1.5510955390e-14 -3.6783001530e-14 -2.1481817817e-01 -3.0138244047e-14 1.5210060981e-14 2.3472038587e-14 -6.4900061790e-04 -6.4752586334e-04 -6.6093840545e-04 -2.8562315931e-05 9.0318834428e-06 -9.2850118128e-06 -2.5073542306e-05 -2.4033901912e-05 -3.4043753748e-05 -2.0972730853e-05 6.5545978518e-06 -7.0117935725e-06
3.6322664986e-16 1.0135945179e-15 1.7049539676e-02 -2.3369126729e-02 7.3405291962e-03 -4.8334435027e-15 -6.3692284457e-02 7.8007373509e-02 -2.4503068036e-02 1.5568600173e-15 1.9615670297e-01 -2.0620018030e-01 6.4769887129e-02 -2.3425719817e-14 1.3672880350e-01 -1.4382918581e-01 4.5178429369e-02 -8.6914980157e-16 6.4503893420e-18 7.4334296691e-16 2.5966558090e-15 -2.4904207785e-15 8.8511338516e-16 -4.6788331831e-16 4.8743731204e-16 -1.0447187291e-15 -2.2161472491e-15 -2.6514711143e-16 -7.7693420843e-16
1.7001231740e-16 7.8979544794e-16 -2.3369126729e-02 1.9407766308e-02 -7.7201914930e-03 -3.8243697704e-18 7.8007373509e-02 -7.1564164110e-02 2.5770415841e-02 1.5510955390e-14 -2.0620018030e-01 2.1696465589e-01 -6.8120292985e-02 1.9512847974e-14 -1.4382918581e-01 1.5124281164e-01 -4.7515408979e-02 6.6270543527e-16 1.3996132849e-16 -4.5720671259e-16 4.0344280440e-16 -5.7267380816e-15 -1.1635689109e-15 3.1628127255e-16 -4.8470618266e-16 1.3185645445e-15 4.2871159003e-15 -4.4537682999e-15 7.3016309683e-16
-1.0668195297e-15 -4.9629317827e-15 7.3405291962e-03 -7.7201914930e-03 -2.7451257572e-03 1.8075991306e-14 -2.4503068036e-02 2.5770415841e-02 2.3833721054e-03 -3.6783001530e-14 6.4769887129e-02 -6.8120292985e-02 2.1495572502e-02 3.6854793937e-15 4.5178429369e-02 -4.7515408979e-02 1.4898806295e-02 3.5258594394e-16 -1.8037520370e-16 3.1034071893e-16 3.2971485749e-16 -4.8536793354e-16 -5.8283857907e-17 1.3866315509e-16 -7.5168975462e-18 -3.7755528205e-16 -1.0288145176e-15 9.9840628633e-17 -4.5363695780e-16
-7.5700961355e-03 -2.7512700053e-02 -8.4664259094e-15 -1.1085067522e-14 -1.0712327315e-14 9.8049105113e-02 4.9495530888e-15 5.8959732581e-15 -1.7870198002e-15 -2.1481817817e-01 -2.3425719817e-14 1.9512847974e-14 3.6854793937e-15 6.5704925442e-02 -6.7988944948e-15 1.2168199398e-14 -1.2479360076e-14 5.8850130293e-04 7.4793633430e-04 -7.4954711003e-04 -3.1595306705e-03 9.9247861876e-04 -1.0436995379e-03 2.1726390589e-04 3.0596309876e-04 -5.2696490446e-04 -1.7574935125e-03 5.5209132149e-04 -5.8050004535e-04
-6.5880786871e-16 -2.5016169043e-15 1.6410275765e-02 -1.5550538227e-02 4.8846014617e-03 7.5226347283e-15 -5.2602789865e-02 5.2408421975e-02 -1.6462084367e-02 -3.0138244047e-14 1.3672880350e-01 -1.4382918581e-01 4.5178429369e-02 -6.7988944948e-15 9.5370242212e-02 -1.0029603509e-01 3.1504157379e-02 -2.8571180731e-17 -4.3322488122e-16 4.5910482299e-16 8.5925131711e-16 6.8634601787e-16 3.4892154379e-16 -1.5740419004e-17 8.6704590885e-17 -7.8509985691e-16 -2.1073264334e-15 1.1783822265e-15 -6.9582907689e-16
