N 15
1.0012470597e+00 2.6578082693e-03 1.2338358417e-03 -1.4896390714e-15 -3.8105015256e-16 2.2077381918e-15 -1.0999623248e-15 -9.8020758240e-17 1.7142221945e-15 -1.1485023884e-03 -8.5603036802e-04 -8.6402640390e-04 3.7597824361e-04 -1.7959499340e-04 5.1339074328e-04
2.6578082693e-03 2.6011734225e-01 2.9243075723e-01 -3.2365717259e-15 -6.3471920605e-16 5.0412195889e-15 -2.2360190880e-15 -3.0932719223e-16 3.2578305050e-15 -8.9223531185e-04 -1.3334318655e-04 -1.6054688433e-04 9.4776997907e-04 -4.3519978028e-04 1.3346083505e-03
1.2338358417e-03 2.9243075723e-01 3.2876142146e-01 5.3712855937e-15 1.2362858092e-15 -7.5533061285e-15 3.5617017970e-15 6.2029559154e-16 -5.6755015707e-15 -1.0010781939e-03 -1.4841053494e-04 -1.7898012533e-04 1.0648661876e-03 -4.8895617815e-04 1.4995262362e-03
-1.4896390714e-15 -3.2365717259e-15 5.3712855937e-15 2.0752042345e-01 1.7257730898e-01 -1.4863694206e-01 1.4229445763e-01 1.2146703973e-01 -9.8094085373e-02 -1.5062382264e-15 -1.2906393174e-17 -2.7654886661e-16 1.3331510702e-15 -3.8732629311e-16 2.5116616772e-15
-3.8105015256e-16 -6.3471920605e-16 1.2362858092e-15 1.7257730898e-01 3.1263434241e-01 8.2860938167e-02 1.2146703973e-01 2.3237564593e-01 7.3375166941e-02 -3.9299314545e-16 -5.7348134285e-18 -9.4611436064e-17 2.9353290572e-16 2.3033501007e-18 5.7214215343e-16
2.2077381918e-15 5.0412195889e-15 -7.5533061285e-15 -1.4863694206e-01 8.2860938167e-02 3.5853528494e-01 -9.8094085373e-02 7.3375166941e-02 2.5943680773e-01 2.1275023900e-15 1.5159970922e-17 3.6314030287e-16 -1.9492469758e-15 6.7311694747e-16 -3.6494240902e-15
-1.0999623248e-15 -2.2360190880e-15 3.5617017970e-15 1.4229445763e-01 1.2146703973e-01 -9.8094085373e-02 9.7627764299e-02 8.5721932692e-02 -6.4391721293e-02 -1.0165924937e-15 -8.6489472304e-18 -1.8700420742e-16 8.9879328936e-16 -2.5946785034e-16 1.6937971635e-15
-9.8020758240e-17 -3.0932719223e-16 6.2029559154e-16 1.2146703973e-01 2.3237564593e-01 7.3375166941e-02 8.5721932692e-02 1.7313348152e-01 6.2942385057e-02 -2.1400748671e-16 -3.7575110998e-18 -5.6806277966e-17 1.4716064647e-16 2.5276879171e-17 2.9210794999e-16
1.7142221945e-15 3.2578305050e-15 -5.6755015707e-15 -9.8094085373e-02 7.3375166941e-02 2.5943680773e-01 -6.4391721293e-02 6.2942385057e-02 1.8834232257e-01 1.4998938204e-15 1.0568109110e-17 2.5465869638e-16 -1.3775277832e-15 4.8054905028e-16 -2.5775156415e-15
-1.1485023884e-03 -8.9223531185e-04 -1.0010781939e-03 -1.5062382264e-15 -3.9299314545e-16 2.1275023900e-15 -1.0165924937e-15 -2.1400748671e-16 1.4998938204e-15 4.3570979094e-06 1.4299939166e-06 1.5320891844e-06 -3.6678125195e-06 1.6921084343e-06 -5.1465939789e-06
-8.5603036802e-04 -1.3334318655e-04 -1.4841053494e-04 -1.2906393174e-17 -5.7348134285e-18 1.5159970922e-17 -8.6489472304e-18 -3.7575110998e-18 1.0568109110e-17 1.4299939166e-06 7.9792254900e-07 8.1845625501e-07 -7.9853097929e-07 3.7260637106e-07 -1.1107597010e-06
-8.6402640390e-04 -1.6054688433e-04 -1.7898012533e-04 -2.7654886661e-16 -9.4611436064e-17 3.6314030287e-16 -1.8700420742e-16 -5.6806277966e-17 2.5465869638e-16 1.5320891844e-06 8.1845625501e-07 8.4189448533e-07 -9.0047468684e-07 4.1947077200e-07 -1.2541886951e-06
3.7597824361e-04 9.4776997907e-04 1.0648661876e-03 1.3331510702e-15 2.9353290572e-16 -1.9492469758e-15 8.9879328936e-16 1.4716064647e-16 -1.3775277832e-15 -3.6678125195e-06 -7.9853097929e-07 -9.0047468684e-07 3.5873260825e-06 -1.6497822927e-06 5.0456459554e-06
-1.7959499340e-04 -4.3519978028e-04 -4.8895617815e-04 -3.8732629311e-16 2.3033501007e-18 6.7311694747e-16 -2.5946785034e-16 2.5276879171e-17 4.8054905028e-16 1.6921084343e-06 3.7260637106e-07 4.1947077200e-07 -1.6497822927e-06 7.5876802315e-07 -2.3203445712e-06
5.1339074328e-04 1.3346083505e-03 1.4995262362e-03 2.5116616772e-15 5.7214215343e-16 -3.6494240902e-15 1.6937971635e-15 2.9210794999e-16 -2.5775156415e-15 -5.1465939789e-06 -1.1107597010e-06 -1.2541886951e-06 5.0456459554e-06 -2.3203445712e-06 7.0970495892e-06
1.0012470597e+00 2.6578082693e-03 1.2338358417e-03 2.0105201749e-16 7.0266780880e-16 6.0330405166e-16 5.3355823621e-17 6.4124592437e-16 6.1974489827e-16 -1.1485023884e-03 -8.5603036802e-04 -8.6402640390e-04 3.7597824361e-04 -1.7959499340e-04 5.1339074328e-04
2.6578082693e-03 2.6011734225e-01 2.9243075723e-01 3.5702708078e-17 1.4627796226e-15 1.9358925116e-15 -3.8114919167e-18 1.1214980373e-15 1.1395073539e-15 -8.9223531185e-04 -1.3334318655e-04 -1.6054688433e-04 9.4776997907e-04 -4.3519978028e-04 1.3346083505e-03
1.2338358417e-03 2.9243075723e-01 3.2876142146e-01 -8.1661653393e-16 -2.7301044574e-15 -1.6811030428e-15 -6.5942403215e-16 -2.0854085482e-15 -1.6697323119e-15 -1.0010781939e-03 -1.4841053494e-04 -1.7898012533e-04 1.0648661876e-03 -4.8895617815e-04 1.4995262362e-03
2.0105201749e-16 3.5702708078e-17 -8.1661653393e-16 8.8582882788e-03 4.5236646018e-02 3.9889698964e-02 6.7755284809e-03 3.4600610617e-02 3.0510837187e-02 1.2909490805e-16 6.5088946413e-19 1.8620516412e-17 -1.2664212999e-16 5.6577634189e-17 -2.3382882750e-16
7.0266780880e-16 1.4627796226e-15 -2.7301044574e-15 4.5236646018e-02 2.3101010923e-01 2.0370483947e-01 3.4600610617e-02 1.7669503692e-01 1.5580977928e-01 6.5524085909e-16 2.9552842474e-18 9.4589515024e-17 -6.4218156118e-16 2.8684182214e-16 -1.1876928585e-15
6.0330405166e-16 1.9358925116e-15 -1.6811030428e-15 3.9889698964e-02 2.0370483947e-01 1.7962703779e-01 3.0510837187e-02 1.5580977928e-01 1.3739314777e-01 5.7560191065e-16 2.2943639202e-18 8.3030093304e-17 -5.6393060230e-16 2.5186044440e-16 -1.0440050838e-15
5.3355823621e-17 -3.8114919167e-18 -6.5942403215e-16 6.7755284809e-03 3.4600610617e-02 3.0510837187e-02 5.1824669451e-03 2.6465318729e-02 2.3337132393e-02 9.8962793181e-17 5.9925914680e-19 1.4347895591e-17 -9.7016058562e-17 4.3344685243e-17 -1.7906065550e-16
6.4124592437e-16 1.1214980373e-15 -2.0854085482e-15 3.4600610617e-02 1.7669503692e-01 1.5580977928e-01 2.6465318729e-02 1.3515051864e-01 1.1917580055e-01 5.0105353726e-16 2.1705069912e-18 7.2258630475e-17 -4.9114429493e-16 2.1937702312e-16 -9.0837726629e-16
6.1974489827e-16 1.1395073539e-15 -1.6697323119e-15 3.0510837187e-02 1.5580977928e-01 1.3739314777e-01 2.3337132393e-02 1.1917580055e-01 1.0508928548e-01 4.4125277172e-16 1.7917346771e-18 6.3579326310e-17 -4.3252338512e-16 1.9318563225e-16 -8.0020869047e-16
-1.1485023884e-03 -8.9223531185e-04 -1.0010781939e-03 1.2909490805e-16 6.5524085909e-16 5.7560191065e-16 9.8962793181e-17 5.0105353726e-16 4.4125277172e-16 4.3570979094e-06 1.4299939166e-06 1.5320891844e-06 -3.6678125195e-06 1.6921084343e-06 -5.1465939789e-06
-8.5603036802e-04 -1.3334318655e-04 -1.4841053494e-04 6.5088946413e-19 2.9552842474e-18 2.2943639202e-18 5.9925914680e-19 2.1705069912e-18 1.7917346771e-18 1.4299939166e-06 7.9792254900e-07 8.1845625501e-07 -7.9853097929e-07 3.7260637106e-07 -1.1107597010e-06
-8.6402640390e-04 -1.6054688433e-04 -1.7898012533e-04 1.8620516412e-17 9.4589515024e-17 8.3030093304e-17 1.4347895591e-17 7.2258630475e-17 6.3579326310e-17 1.5320891844e-06 8.1845625501e-07 8.4189448533e-07 -9.0047468684e-07 4.1947077200e-07 -1.2541886951e-06
3.7597824361e-04 9.4776997907e-04 1.0648661876e-03 -1.2664212999e-16 -6.4218156118e-16 -5.6393060230e-16 -9.7016058562e-17 -4.9114429493e-16 -4.3252338512e-16 -3.6678125195e-06 -7.9853097929e-07 -9.0047468684e-07 3.5873260825e-06 -1.6497822927e-06 5.0456459554e-06
-1.7959499340e-04 -4.3519978028e-04 -4.8895617815e-04 5.6577634189e-17 2.8684182214e-16 2.5186044440e-16 4.3344685243e-17 2.1937702312e-16 1.9318563225e-16 1.6921084343e-06 3.7260637106e-07 4.1947077200e-07 -1.6497822927e-06 7.5876802315e-07 -2.3203445712e-06
5.1339074328e-04 1.3346083505e-03 1.4995262362e-03 -2.3382882750e-16 -1.1876928585e-15 -1.0440050838e-15 -1.7906065550e-16 -9.0837726629e-16 -8.0020869047e-16 -5.1465939789e-06 -1.1107597010e-06 -1.2541886951e-06 5.0456459554e-06 -2.3203445712e-06 7.0970495892e-06
Se 29
1.0000381067e+00 8.9355721571e-05 1.1395301728e-03 2.6439489320e-04 2.1086514787e-04 2.4105623019e-15 6.2352166083e-16 1.5425174517e-18 -1.0258382786e-17 -1.5923093044e-18 3.3160356759e-17 1.4279283547e-17 7.4194515015e-17 2.4648692197e-17 1.6014431790e-17 6.0156746659e-17 -1.1906528280e-16 -1.4370989328e-04 -1.5165089847e-04 -1.4865590241e-04 3.7916310476e-06 1.0707633377e-05 2.4251816799e-06 -1.5491221428e-04 -1.5457093713e-04 -1.5469965178e-04 -1.6295129380e-07 -4.6017734596e-07 -1.0422598809e-07
8.9355721571e-05 9.9706984593e-01 5.5212733490e-03 -7.8084733959e-04 5.6655398301e-04 3.0436578214e-14 7.8011820003e-15 -7.6763523737e-17 -1.8213855890e-16 -1.2978779248e-16 -5.9819823468e-17 7.8251253551e-17 2.8077253264e-16 -3.5026117041e-16 8.9656568268e-17 4.3418272167e-16 -1.4809092645e-16 7.1692977403e-04 9.2048551559e-04 8.4371328935e-04 -9.7192767487e-05 -2.7447410048e-04 -6.2165890131e-05 -8.3799227951e-04 -8.3761474113e-04 -8.3775713192e-04 -1.8026512195e-07 -5.0907190395e-07 -1.1530016126e-07
1.1395301728e-03 5.5212733490e-03 1.0429198742e+00 8.3488709353e-03 1.7776586325e-03 6.2315200718e-14 1.5872094013e-14 3.7593471257e-17 -3.4190452785e-16 -2.5841976099e-16 2.3307382469e-16 1.6100674784e-16 8.1797820657e-16 3.4074484477e-16 3.3298468219e-16 1.5408348091e-15 -2.0434141543e-15 -4.8167941285e-03 -6.1270946775e-03 -5.6329072416e-03 6.2563568827e-04 1.7668062883e-03 4.0016557266e-04 -4.7926470181e-03 -4.6957132704e-03 -4.7322723944e-03 -4.6283436313e-05 -1.3070524565e-04 -2.9603550667e-05
2.6439489320e-04 -7.8084733959e-04 8.3488709353e-03 3.3257131105e-01 3.0111488217e-01 2.2155607501e-14 5.6496080803e-15 -7.8733243173e-17 -1.7253946130e-18 1.3972021165e-15 -1.2297435898e-15 -1.4170889582e-16 5.8870099434e-15 -6.1713683738e-15 -1.1949291788e-15 -4.2098210420e-15 3.3958261712e-15 3.9983629958e-03 -1.9091516495e-03 3.1890169194e-04 2.8206902566e-03 7.9656793498e-03 1.8041540036e-03 -1.2558355886e-03 7.4591488740e-04 -9.0568908868e-06 -9.5578570735e-04 -2.6991558021e-03 -6.1133426703e-04
2.1086514787e-04 5.6655398301e-04 1.7776586325e-03 3.0111488217e-01 2.7272595588e-01 1.3253202121e-14 1.8081295440e-15 -1.6616744324e-16 3.8255767850e-16 1.3420057238e-15 -1.0191781790e-15 -1.5669302525e-15 -1.0316618489e-15 -1.1172828650e-15 -2.6426668556e-15 -1.0701897463e-14 7.9226676150e-15 1.1109688622e-03 4.5079220402e-04 6.9978165185e-04 3.1521781644e-04 8.9018070852e-04 2.0161784309e-04 -1.1241968066e-03 7.4729361585e-04 4.1450170729e-05 -8.9358979484e-04 -2.5235134412e-03 -5.7155286803e-04
2.4105623019e-15 3.0436578214e-14 6.2315200718e-14 2.2155607501e-14 1.3253202121e-14 9.9999793949e-01 -2.0895878766e-07 -5.9010332473e-07 5.9746859754e-06 6.7479176546e-06 1.9056239226e-05 2.3641290700e-07 3.8551663095e-06 1.0887058085e-05 1.2327405789e-04 1.6583029174e-05 4.6830768724e-05 -1.8410927072e-14 -1.8016026319e-14 -1.8260959383e-14 -3.3844376377e-17 1.1689250657e-16 9.9698625860e-17 -6.8839123745e-15 -6.8676961714e-15 -6.8341479096e-15 1.4932370505e-17 -1.4889706569e-17 -5.1768073212e-17
6.2352166083e-16 7.8011820003e-15 1.5872094013e-14 5.6496080803e-15 1.8081295440e-15 -2.0895878766e-07 9.9999881476e-01 -1.3365304162e-07 6.7479176552e-06 -2.2290297941e-05 4.3160650587e-06 3.8551663095e-06 -1.5911711495e-05 2.4658197449e-06 1.6583029175e-05 5.3812769693e-05 1.0606743654e-05 -4.1344648605e-15 -4.6588894553e-15 -4.8957752202e-15 -8.1367134748e-18 -2.1268086217e-17 -2.8948201626e-16 -1.4054670315e-15 -1.2493841184e-15 -1.2669953780e-15 9.3344906704e-18 9.6714881113e-17 1.8447958440e-16
1.5425174517e-18 -7.6763523737e-17 3.7593471257e-17 -7.8733243173e-17 -1.6616744324e-16 -5.9010332473e-07 -1.3365304162e-07 9.9999848465e-01 1.9056239228e-05 4.3160650579e-06 -1.1629995655e-05 1.0887058085e-05 2.4658197454e-06 -9.8213529115e-06 4.6830768725e-05 1.0606743653e-05 8.0010496584e-05 -1.1011401214e-16 8.4745607132e-17 6.0301450161e-17 5.6386787706e-17 -1.0828844344e-16 2.1190031275e-17 1.2110275893e-17 -2.2885129270e-18 4.8426893201e-17 -3.7496145526e-18 1.1433758477e-17 3.2852165208e-17
-1.0258382786e-17 -1.8213855890e-16 -3.4190452785e-16 -1.7253946130e-18 3.8255767850e-16 5.9746859754e-06 6.7479176552e-06 1.9056239228e-05 1.0007171459e+00 2.4052560909e-04 6.7924858923e-04 5.3993614467e-05 6.4677077108e-04 1.8264921373e-03 -2.8498832980e-03 -2.8887639686e-04 -8.1579207209e-04 -8.5688850773e-16 1.6688812361e-15 -5.7710923827e-16 1.9742101293e-15 5.2761040652e-16 1.1947467410e-15 2.5162656598e-15 -2.2392546993e-15 -4.3079356756e-16 -7.9511142231e-15 1.9721463517e-15 -4.2793919717e-15
-1.5923093044e-18 -1.2978779248e-16 -2.5841976099e-16 1.3972021165e-15 1.3420057238e-15 6.7479176546e-06 -2.2290297941e-05 4.3160650579e-06 2.4052560909e-04 9.9970965699e-01 1.5384363441e-04 6.4677077108e-04 -2.6551333162e-03 4.1368387519e-04 -2.8887639686e-04 -1.6398675377e-03 -1.8476949276e-04 1.5443961339e-16 5.4063151799e-16 -5.0736766940e-16 -1.6429134352e-16 1.2166965718e-15 1.0186341248e-16 4.5526627802e-16 -8.4287038069e-16 1.2738091538e-16 -1.7695510345e-15 4.2888860357e-16 -1.2301314917e-15
3.3160356759e-17 -5.9819823468e-17 2.3307382469e-16 -1.2297435898e-15 -1.0191781790e-15 1.9056239226e-05 4.3160650587e-06 -1.1629995655e-05 6.7924858923e-04 1.5384363441e-04 1.0000896373e+00 1.8264921373e-03 4.1368387520e-04 -1.6333704137e-03 -8.1579207209e-04 -1.8476949276e-04 -2.0962319853e-03 -1.0175689959e-15 1.0251850536e-15 1.2379113429e-17 1.8387701181e-15 -1.3036593631e-15 1.2298441843e-15 1.7775538982e-15 -1.7715981002e-15 -7.4096484433e-17 -4.2507262779e-15 1.6146394297e-15 -2.4680034558e-15
1.4279283547e-17 7.8251253551e-17 1.6100674784e-16 -1.4170889582e-16 -1.5669302525e-15 2.3641290700e-07 3.8551663095e-06 1.0887058085e-05 5.3993614467e-05 6.4677077108e-04 1.8264921373e-03 8.8306389987e-02 -4.3440417958e-02 -1.2267651135e-01 9.6284125469e-02 -4.7368206921e-02 -1.3376865710e-01 7.5800402942e-15 -2.8043339953e-14 2.0527503072e-14 6.7244742767e-15 -2.6459581117e-14 4.6129557902e-15 5.4116893956e-15 -6.7167503777e-15 2.0961490903e-15 -1.1843755201e-15 6.5665880944e-15 -3.5999488000e-15
7.4194515015e-17 2.8077253264e-16 8.1797820657e-16 5.8870099434e-15 -1.0316618489e-15 3.8551663095e-06 -1.5911711495e-05 2.4658197454e-06 6.4677077108e-04 -2.6551333162e-03 4.1368387520e-04 -4.3440417958e-02 2.7026514791e-01 -2.7785115290e-02 -4.7368206921e-02 2.9469520210e-01 -3.0297385529e-02 -2.8627206924e-15 -1.4855693216e-15 4.6596153657e-15 8.3759133746e-15 -1.1920812706e-14 4.7744618761e-15 2.3145732829e-14 -1.7603021302e-14 -1.7973183280e-15 -3.3528450983e-14 4.2981001654e-14 -1.9361270198e-14
2.4648692197e-17 -3.5026117041e-16 3.4074484477e-16 -6.1713683738e-15 -1.1172828650e-15 1.0887058085e-05 2.4658197449e-06 -9.8213529115e-06 1.8264921373e-03 4.1368387519e-04 -1.6333704137e-03 -1.2267651135e-01 -2.7785115290e-02 2.0163834917e-01 -1.3376865710e-01 -3.0297385529e-02 2.1986331613e-01 9.5021033500e-15 -2.3990826512e-14 1.4237229019e-14 3.9753626726e-15 -1.5047268663e-14 1.1470763059e-15 -1.6383677534e-14 1.5822757448e-14 -2.0364456013e-15 1.3939377498e-14 -2.6225956571e-14 1.2609481282e-14
1.6014431790e-17 8.9656568268e-17 3.3298468219e-16 -1.1949291788e-15 -2.6426668556e-15 1.2327405789e-04 1.6583029175e-05 4.6830768725e-05 -2.8498832980e-03 -2.8887639686e-04 -8.1579207209e-04 9.6284125469e-02 -4.7368206921e-02 -1.3376865710e-01 1.0499990894e-01 -5.1647711234e-02 -1.4585405324e-01 9.7290568492e-15 -3.8624953686e-14 2.8944929519e-14 8.8737205735e-15 -3.6762515417e-14 2.2022637260e-15 5.9133724878e-15 -7.4155193735e-15 2.3736495422e-15 -1.2309200000e-15 7.0564719592e-15 -3.9388432158e-15
6.0156746659e-17 4.3418272167e-16 1.5408348091e-15 -4.2098210420e-15 -1.0701897463e-14 1.6583029174e-05 5.3812769693e-05 1.0606743653e-05 -2.8887639686e-04 -1.6398675377e-03 -1.8476949276e-04 -4.7368206921e-02 2.9469520210e-01 -3.0297385529e-02 -5.1647711234e-02 3.2133653339e-01 -3.3034617957e-02 -4.5891867661e-15 -3.8604727106e-15 8.6832268952e-15 1.3190797732e-14 -2.5135196555e-14 7.5025672278e-15 2.5271972463e-14 -1.9233023089e-14 -1.8989667683e-15 -3.6467862379e-14 4.6798940196e-14 -2.1057848449e-14
-1.1906528280e-16 -1.4809092645e-16 -2.0434141543e-15 3.3958261712e-15 7.9226676150e-15 4.6830768724e-05 1.0606743654e-05 8.0010496584e-05 -8.1579207209e-04 -1.8476949276e-04 -2.0962319853e-03 -1.3376865710e-01 -3.0297385529e-02 2.1986331613e-01 -1.4585405324e-01 -3.3034617957e-02 2.3974392331e-01 1.1912160351e-14 -3.0451454595e-14 1.8388911042e-14 -1.7168820468e-15 -8.6170231147e-15 -5.3541981596e-15 -1.7894928937e-14 1.7227551433e-14 -2.1854419669e-15 1.5118161028e-14 -2.8589724770e-14 1.3659661218e-14
-1.4370989328e-04 7.1692977403e-04 -4.8167941285e-03 3.9983629958e-03 1.1109688622e-03 -1.8410927072e-14 -4.1344648605e-15 -1.1011401214e-16 -8.5688850773e-16 1.5443961339e-16 -1.0175689959e-15 7.5800402942e-15 -2.8627206924e-15 9.5021033500e-15 9.7290568492e-15 -4.5891867661e-15 1.1912160351e-14 3.9575170838e-01 -1.9757554641e-01 -1.9744017442e-01 1.9368828454e-04 5.4697915338e-04 1.0961673485e-04 4.1698834327e-03 -3.3440759273e-03 -3.3226965223e-03 -1.4930693411e-05 -4.2164543197e-05 1.7311856271e-05
-1.5165089847e-04 9.2048551559e-04 -6.1270946775e-03 -1.9091516495e-03 4.5079220402e-04 -1.8016026319e-14 -4.6588894553e-15 8.4745607132e-17 1.6688812361e-15 5.4063151799e-16 1.0251850536e-15 -2.8043339953e-14 -1.4855693216e-15 -2.3990826512e-14 -3.8624953686e-14 -3.8604727106e-15 -3.0451454595e-14 -1.9757554641e-01 3.9493449530e-01 -1.9780278445e-01 1.9651049246e-04 4.9194847230e-04 1.2569093359e-04 -1.7636397015e-03 5.8087055554e-03 -1.8015336634e-03 -1.2947109740e-05 8.2036777896e-05 -8.2811573569e-06
-1.4865590241e-04 8.4371328935e-04 -5.6329072416e-03 3.1890169194e-04 6.9978165185e-04 -1.8260959383e-14 -4.8957752202e-15 6.0301450161e-17 -5.7710923827e-16 -5.0736766940e-16 1.2379113429e-17 2.0527503072e-14 4.6596153657e-15 1.4237229019e-14 2.8944929519e-14 8.6832268952e-15 1.8388911042e-14 -1.9744017442e-01 -1.9780278445e-01 3.9524410042e-01 1.7313720988e-04 5.5194320009e-04 1.2501012035e-04 -2.3383309667e-03 -2.3976043336e-03 5.1915901946e-03 2.8301547891e-05 -3.8675572031e-05 -8.7596656915e-06
3.7916310476e-06 -9.7192767487e-05 6.2563568827e-04 2.8206902566e-03 3.1521781644e-04 -3.3844376377e-17 -8.1367134748e-18 5.6386787706e-17 1.9742101293e-15 -1.6429134352e-16 1.8387701181e-15 6.7244742767e-15 8.3759133746e-15 3.9753626726e-15 8.8737205735e-15 1.3190797732e-14 -1.7168820468e-15 1.9368828454e-04 1.9651049246e-04 1.7313720988e-04 1.1858394800e+00 1.0463600957e-05 6.2138681272e-05 -7.6954940043e-04 -7.6756581676e-04 -7.2631715913e-04 1.5089481543e-02 -2.9536375016e-05 -1.1920531273e-04
1.0707633377e-05 -2.7447410048e-04 1.7668062883e-03 7.9656793498e-03 8.9018070852e-04 1.1689250657e-16 -2.1268086217e-17 -1.0828844344e-16 5.2761040652e-16 1.2166965718e-15 -1.3036593631e-15 -2.6459581117e-14 -1.1920812706e-14 -1.5047268663e-14 -3.6762515417e-14 -2.5135196555e-14 -8.6170231147e-15 5.4697915338e-04 4.9194847230e-04 5.5194320009e-04 1.0463600957e-05 1.1858653242e+00 1.9874822057e-05 -2.1732211658e-03 -2.0490198447e-03 -2.1697321946e-03 -2.9536375001e-05 1.5016529286e-02 -4.3707486323e-05
2.4251816799e-06 -6.2165890131e-05 4.0016557266e-04 1.8041540036e-03 2.0161784309e-04 9.9698625860e-17 -2.8948201626e-16 2.1190031275e-17 1.1947467410e-15 1.0186341248e-16 1.2298441843e-15 4.6129557902e-15 4.7744618761e-15 1.1470763059e-15 2.2022637260e-15 7.5025672278e-15 -5.3541981596e-15 1.0961673485e-04 1.2569093359e-04 1.2501012035e-04 6.2138681272e-05 1.9874822057e-05 1.1857820745e+00 -4.6535310784e-04 -4.9094612148e-04 -4.9142462981e-04 -1.1920531270e-04 -4.3707486308e-05 1.5199606712e-02
-1.5491221428e-04 -8.3799227951e-04 -4.7926470181e-03 -1.2558355886e-03 -1.1241968066e-03 -6.8839123745e-15 -1.4054670315e-15 1.2110275893e-17 2.5162656598e-15 4.5526627802e-16 1.7775538982e-15 5.4116893956e-15 2.3145732829e-14 -1.6383677534e-14 5.9133724878e-15 2.5271972463e-14 -1.7894928937e-14 4.1698834327e-03 -1.7636397015e-03 -2.3383309667e-03 -7.6954940043e-04 -2.1732211658e-03 -4.6535310784e-04 7.5770982641e-05 -7.8006637763e-06 -1.1646322916e-05 -5.9453091190e-06 -1.6789658477e-05 -3.1140014485e-06
-1.5457093713e-04 -8.3761474113e-04 -4.6957132704e-03 7.4591488740e-04 7.4729361585e-04 -6.8676961714e-15 -1.2493841184e-15 -2.2885129270e-18 -2.2392546993e-15 -8.4287038069e-16 -1.7715981002e-15 -6.7167503777e-15 -1.7603021302e-14 1.5822757448e-14 -7.4155193735e-15 -1.9233023089e-14 1.7227551433e-14 -3.3440759273e-03 5.8087055554e-03 -2.3976043336e-03 -7.6756581676e-04 -2.0490198447e-03 -4.9094612148e-04 -7.8006637763e-06 1.1354591043e-04 6.5672789695e-06 -1.2091272617e-05 -3.1105212252e-05 -7.7337516413e-06
-1.5469965178e-04 -8.3775713192e-04 -4.7322723944e-03 -9.0568908868e-06 4.1450170729e-05 -6.8341479096e-15 -1.2669953780e-15 4.8426893201e-17 -4.3079356756e-16 1.2738091538e-16 -7.4096484433e-17 2.0961490903e-15 -1.7973183280e-15 -2.0364456013e-15 2.3736495422e-15 -1.8989667683e-15 -2.1854419669e-15 -3.3226965223e-03 -1.8015336634e-03 5.1915901946e-03 -7.2631715913e-04 -2.1697321946e-03 -4.9142462981e-04 -1.1646322916e-05 6.5672789695e-06 9.6275171539e-05 -8.6965386391e-06 -2.7599935704e-05 -6.2511346885e-06
-1.6295129380e-07 -1.8026512195e-07 -4.6283436313e-05 -9.5578570735e-04 -8.9358979484e-04 1.4932370505e-17 9.3344906704e-18 -3.7496145526e-18 -7.9511142231e-15 -1.7695510345e-15 -4.2507262779e-15 -1.1843755201e-15 -3.3528450983e-14 1.3939377498e-14 -1.2309200000e-15 -3.6467862379e-14 1.5118161028e-14 -1.4930693411e-05 -1.2947109740e-05 2.8301547891e-05 1.5089481543e-02 -2.9536375001e-05 -1.1920531270e-04 -5.9453091190e-06 -1.2091272617e-05 -8.6965386391e-06 1.9498057582e-04 7.5985002731e-06 -1.1637769347e-06
-4.6017734596e-07 -5.0907190395e-07 -1.3070524565e-04 -2.6991558021e-03 -2.5235134412e-03 -1.4889706569e-17 9.6714881113e-17 1.1433758477e-17 1.9721463517e-15 4.2888860357e-16 1.6146394297e-15 6.5665880944e-15 4.2981001654e-14 -2.6225956571e-14 7.0564719592e-15 4.6798940196e-14 -2.8589724770e-14 -4.2164543197e-05 8.2036777896e-05 -3.8675572031e-05 -2.9536375016e-05 1.5016529286e-02 -4.3707486308e-05 -1.6789658477e-05 -3.1105212252e-05 -2.7599935704e-05 7.5985002731e-06 2.1374820531e-04 4.2238670379e-06
-1.0422598809e-07 -1.1530016126e-07 -2.9603550667e-05 -6.1133426703e-04 -5.7155286803e-04 -5.1768073212e-17 1.8447958440e-16 3.2852165208e-17 -4.2793919717e-15 -1.2301314917e-15 -2.4680034558e-15 -3.5999488000e-15 -1.9361270198e-14 1.2609481282e-14 -3.9388432158e-15 -2.1057848449e-14 1.3659661218e-14 1.7311856271e-05 -8.2811573569e-06 -8.7596656915e-06 -1.1920531273e-04 -4.3707486323e-05 1.5199606712e-02 -3.1140014485e-06 -7.7337516413e-06 -6.2511346885e-06 -1.1637769347e-06 4.2238670379e-06 1.9605570519e-04
1.0000381067e+00 8.9355721571e-05 1.1395301728e-03 2.6439489320e-04 2.1086514787e-04 2.4105623019e-15 6.2352166083e-16 1.5425174517e-18 -1.0258382786e-17 -1.5923093044e-18 3.3160356759e-17 1.4279283547e-17 7.4194515015e-17 2.4648692197e-17 1.6014431790e-17 6.0156746659e-17 -1.1906528280e-16 -1.4370989328e-04 -1.5165089847e-04 -1.4865590241e-04 3.7916310476e-06 1.0707633377e-05 2.4251816799e-06 -1.5491221428e-04 -1.5457093713e-04 -1.5469965178e-04 -1.6295129380e-07 -4.6017734596e-07 -1.0422598809e-07
8.9355721571e-05 9.9706984593e-01 5.5212733490e-03 -7.8084733959e-04 5.6655398301e-04 3.0436578214e-14 7.8011820003e-15 -7.6763523737e-17 -1.8213855890e-16 -1.2978779248e-16 -5.9819823468e-17 7.8251253551e-17 2.8077253264e-16 -3.5026117041e-16 8.9656568268e-17 4.3418272167e-16 -1.4809092645e-16 7.1692977403e-04 9.2048551559e-04 8.4371328935e-04 -9.7192767487e-05 -2.7447410048e-04 -6.2165890131e-05 -8.3799227951e-04 -8.3761474113e-04 -8.3775713192e-04 -1.8026512195e-07 -5.0907190395e-07 -1.1530016126e-07
1.1395301728e-03 5.5212733490e-03 1.0429198742e+00 8.3488709353e-03 1.7776586325e-03 6.2315200718e-14 1.5872094013e-14 3.7593471257e-17 -3.4190452785e-16 -2.5841976099e-16 2.3307382469e-16 1.6100674784e-16 8.1797820657e-16 3.4074484477e-16 3.3298468219e-16 1.5408348091e-15 -2.0434141543e-15 -4.8167941285e-03 -6.1270946775e-03 -5.6329072416e-03 6.2563568827e-04 1.7668062883e-03 4.0016557266e-04 -4.7926470181e-03 -4.6957132704e-03 -4.7322723944e-03 -4.6283436313e-05 -1.3070524565e-04 -2.9603550667e-05
2.6439489320e-04 -7.8084733959e-04 8.3488709353e-03 3.3257131105e-01 3.0111488217e-01 2.2155607501e-14 5.6496080803e-15 -7.8733243173e-17 -1.7253946130e-18 1.3972021165e-15 -1.2297435898e-15 -1.4170889582e-16 5.8870099434e-15 -6.1713683738e-15 -1.1949291788e-15 -4.2098210420e-15 3.3958261712e-15 3.9983629958e-03 -1.9091516495e-03 3.1890169194e-04 2.8206902566e-03 7.9656793498e-03 1.8041540036e-03 -1.2558355886e-03 7.4591488740e-04 -9.0568908868e-06 -9.5578570735e-04 -2.6991558021e-03 -6.1133426703e-04
2.1086514787e-04 5.6655398301e-04 1.7776586325e-03 3.0111488217e-01 2.7272595588e-01 1.3253202121e-14 1.8081295440e-15 -1.6616744324e-16 3.8255767850e-16 1.3420057238e-15 -1.0191781790e-15 -1.5669302525e-15 -1.0316618489e-15 -1.1172828650e-15 -2.6426668556e-15 -1.0701897463e-14 7.9226676150e-15 1.1109688622e-03 4.5079220402e-04 6.9978165185e-04 3.1521781644e-04 8.9018070852e-04 2.0161784309e-04 -1.1241968066e-03 7.4729361585e-04 4.1450170729e-05 -8.9358979484e-04 -2.5235134412e-03 -5.7155286803e-04
2.4105623019e-15 3.0436578214e-14 6.2315200718e-14 2.2155607501e-14 1.3253202121e-14 9.9999793949e-01 -2.0895878766e-07 -5.9010332473e-07 5.9746859754e-06 6.7479176546e-06 1.9056239226e-05 2.3641290700e-07 3.8551663095e-06 1.0887058085e-05 1.2327405789e-04 1.6583029174e-05 4.6830768724e-05 -1.8410927072e-14 -1.8016026319e-14 -1.8260959383e-14 -3.3844376377e-17 1.1689250657e-16 9.9698625860e-17 -6.8839123745e-15 -6.8676961714e-15 -6.8341479096e-15 1.4932370505e-17 -1.4889706569e-17 -5.1768073212e-17
6.2352166083e-16 7.8011820003e-15 1.5872094013e-14 5.6496080803e-15 1.8081295440e-15 -2.0895878766e-07 9.9999881476e-01 -1.3365304162e-07 6.7479176552e-06 -2.2290297941e-05 4.3160650587e-06 3.8551663095e-06 -1.5911711495e-05 2.4658197449e-06 1.6583029175e-05 5.3812769693e-05 1.0606743654e-05 -4.1344648605e-15 -4.6588894553e-15 -4.8957752202e-15 -8.1367134748e-18 -2.1268086217e-17 -2.8948201626e-16 -1.4054670315e-15 -1.2493841184e-15 -1.2669953780e-15 9.3344906704e-18 9.6714881113e-17 1.8447958440e-16
1.5425174517e-18 -7.6763523737e-17 3.7593471257e-17 -7.8733243173e-17 -1.6616744324e-16 -5.9010332473e-07 -1.3365304162e-07 9.9999848465e-01 1.9056239228e-05 4.3160650579e-06 -1.1629995655e-05 1.0887058085e-05 2.4658197454e-06 -9.8213529115e-06 4.6830768725e-05 1.0606743653e-05 8.0010496584e-05 -1.1011401214e-16 8.4745607132e-17 6.0301450161e-17 5.6386787706e-17 -1.0828844344e-16 2.1190031275e-17 1.2110275893e-17 -2.2885129270e-18 4.8426893201e-17 -3.7496145526e-18 1.1433758477e-17 3.2852165208e-17
-1.0258382786e-17 -1.8213855890e-16 -3.4190452785e-16 -1.7253946130e-18 3.8255767850e-16 5.9746859754e-06 6.7479176552e-06 1.9056239228e-05 1.0007171459e+00 2.4052560909e-04 6.7924858923e-04 5.3993614467e-05 6.4677077108e-04 1.8264921373e-03 -2.8498832980e-03 -2.8887639686e-04 -8.1579207209e-04 -8.5688850773e-16 1.6688812361e-15 -5.7710923827e-16 1.9742101293e-15 5.2761040652e-16 1.1947467410e-15 2.5162656598e-15 -2.2392546993e-15 -4.3079356756e-16 -7.9511142231e-15 1.9721463517e-15 -4.2793919717e-15
-1.5923093044e-18 -1.2978779248e-16 -2.5841976099e-16 1.3972021165e-15 1.3420057238e-15 6.7479176546e-06 -2.2290297941e-05 4.3160650579e-06 2.4052560909e-04 9.9970965699e-01 1.5384363441e-04 6.4677077108e-04 -2.6551333162e-03 4.1368387519e-04 -2.8887639686e-04 -1.6398675377e-03 -1.8476949276e-04 1.5443961339e-16 5.4063151799e-16 -5.0736766940e-16 -1.6429134352e-16 1.2166965718e-15 1.0186341248e-16 4.5526627802e-16 -8.4287038069e-16 1.2738091538e-16 -1.7695510345e-15 4.2888860357e-16 -1.2301314917e-15
3.3160356759e-17 -5.9819823468e-17 2.3307382469e-16 -1.2297435898e-15 -1.0191781790e-15 1.9056239226e-05 4.3160650587e-06 -1.1629995655e-05 6.7924858923e-04 1.5384363441e-04 1.0000896373e+00 1.8264921373e-03 4.1368387520e-04 -1.6333704137e-03 -8.1579207209e-04 -1.8476949276e-04 -2.0962319853e-03 -1.0175689959e-15 1.0251850536e-15 1.2379113429e-17 1.8387701181e-15 -1.3036593631e-15 1.2298441843e-15 1.7775538982e-15 -1.7715981002e-15 -7.4096484433e-17 -4.2507262779e-15 1.6146394297e-15 -2.4680034558e-15
1.4279283547e-17 7.8251253551e-17 1.6100674784e-16 -1.4170889582e-16 -1.5669302525e-15 2.3641290700e-07 3.8551663095e-06 1.0887058085e-05 5.3993614467e-05 6.4677077108e-04 1.8264921373e-03 8.8306389987e-02 -4.3440417958e-02 -1.2267651135e-01 9.6284125469e-02 -4.7368206921e-02 -1.3376865710e-01 7.5800402942e-15 -2.8043339953e-14 2.0527503072e-14 6.7244742767e-15 -2.6459581117e-14 4.6129557902e-15 5.4116893956e-15 -6.7167503777e-15 2.0961490903e-15 -1.1843755201e-15 6.5665880944e-15 -3.5999488000e-15
7.4194515015e-17 2.8077253264e-16 8.1797820657e-16 5.8870099434e-15 -1.0316618489e-15 3.8551663095e-06 -1.5911711495e-05 2.4658197454e-06 6.4677077108e-04 -2.6551333162e-03 4.1368387520e-04 -4.3440417958e-02 2.7026514791e-01 -2.7785115290e-02 -4.7368206921e-02 2.9469520210e-01 -3.0297385529e-02 -2.8627206924e-15 -1.4855693216e-15 4.6596153657e-15 8.3759133746e-15 -1.1920812706e-14 4.7744618761e-15 2.3145732829e-14 -1.7603021302e-14 -1.7973183280e-15 -3.3528450983e-14 4.2981001654e-14 -1.9361270198e-14
2.4648692197e-17 -3.5026117041e-16 3.4074484477e-16 -6.1713683738e-15 -1.1172828650e-15 1.0887058085e-05 2.4658197449e-06 -9.8213529115e-06 1.8264921373e-03 4.1368387519e-04 -1.6333704137e-03 -1.2267651135e-01 -2.7785115290e-02 2.0163834917e-01 -1.3376865710e-01 -3.0297385529e-02 2.1986331613e-01 9.5021033500e-15 -2.3990826512e-14 1.4237229019e-14 3.9753626726e-15 -1.5047268663e-14 1.1470763059e-15 -1.6383677534e-14 1.5822757448e-14 -2.0364456013e-15 1.3939377498e-14 -2.6225956571e-14 1.2609481282e-14
1.6014431790e-17 8.9656568268e-17 3.3298468219e-16 -1.1949291788e-15 -2.6426668556e-15 1.2327405789e-04 1.6583029175e-05 4.6830768725e-05 -2.8498832980e-03 -2.8887639686e-04 -8.1579207209e-04 9.6284125469e-02 -4.7368206921e-02 -1.3376865710e-01 1.0499990894e-01 -5.1647711234e-02 -1.4585405324e-01 9.7290568492e-15 -3.8624953686e-14 2.8944929519e-14 8.8737205735e-15 -3.6762515417e-14 2.2022637260e-15 5.9133724878e-15 -7.4155193735e-15 2.3736495422e-15 -1.2309200000e-15 7.0564719592e-15 -3.9388432158e-15
6.0156746659e-17 4.3418272167e-16 1.5408348091e-15 -4.2098210420e-15 -1.0701897463e-14 1.6583029174e-05 5.3812769693e-05 1.0606743653e-05 -2.8887639686e-04 -1.6398675377e-03 -1.8476949276e-04 -4.7368206921e-02 2.9469520210e-01 -3.0297385529e-02 -5.1647711234e-02 3.2133653339e-01 -3.3034617957e-02 -4.5891867661e-15 -3.8604727106e-15 8.6832268952e-15 1.3190797732e-14 -2.5135196555e-14 7.5025672278e-15 2.5271972463e-14 -1.9233023089e-14 -1.8989667683e-15 -3.6467862379e-14 4.6798940196e-14 -2.1057848449e-14
-1.1906528280e-16 -1.4809092645e-16 -2.0434141543e-15 3.3958261712e-15 7.9226676150e-15 4.6830768724e-05 1.0606743654e-05 8.0010496584e-05 -8.1579207209e-04 -1.8476949276e-04 -2.0962319853e-03 -1.3376865710e-01 -3.0297385529e-02 2.1986331613e-01 -1.4585405324e-01 -3.3034617957e-02 2.3974392331e-01 1.1912160351e-14 -3.0451454595e-14 1.8388911042e-14 -1.7168820468e-15 -8.6170231147e-15 -5.3541981596e-15 -1.7894928937e-14 1.7227551433e-14 -2.1854419669e-15 1.5118161028e-14 -2.8589724770e-14 1.3659661218e-14
-1.4370989328e-04 7.1692977403e-04 -4.8167941285e-03 3.9983629958e-03 1.1109688622e-03 -1.8410927072e-14 -4.1344648605e-15 -1.1011401214e-16 -8.5688850773e-16 1.5443961339e-16 -1.0175689959e-15 7.5800402942e-15 -2.8627206924e-15 9.5021033500e-15 9.7290568492e-15 -4.5891867661e-15 1.1912160351e-14 3.9575170838e-01 -1.9757554641e-01 -1.9744017442e-01 1.9368828454e-04 5.4697915338e-04 1.0961673485e-04 4.1698834327e-03 -3.3440759273e-03 -3.3226965223e-03 -1.4930693411e-05 -4.2164543197e-05 1.7311856271e-05
-1.5165089847e-04 9.2048551559e-04 -6.1270946775e-03 -1.9091516495e-03 4.5079220402e-04 -1.8016026319e-14 -4.6588894553e-15 8.4745607132e-17 1.6688812361e-15 5.4063151799e-16 1.0251850536e-15 -2.8043339953e-14 -1.4855693216e-15 -2.3990826512e-14 -3.8624953686e-14 -3.8604727106e-15 -3.0451454595e-14 -1.9757554641e-01 3.9493449530e-01 -1.9780278445e-01 1.9651049246e-04 4.9194847230e-04 1.2569093359e-04 -1.7636397015e-03 5.8087055554e-03 -1.8015336634e-03 -1.2947109740e-05 8.2036777896e-05 -8.2811573569e-06
-1.4865590241e-04 8.4371328935e-04 -5.6329072416e-03 3.1890169194e-04 6.9978165185e-04 -1.8260959383e-14 -4.8957752202e-15 6.0301450161e-17 -5.7710923827e-16 -5.0736766940e-16 1.2379113429e-17 2.0527503072e-14 4.6596153657e-15 1.4237229019e-14 2.8944929519e-14 8.6832268952e-15 1.8388911042e-14 -1.9744017442e-01 -1.9780278445e-01 3.9524410042e-01 1.7313720988e-04 5.5194320009e-04 1.2501012035e-04 -2.3383309667e-03 -2.3976043336e-03 5.1915901946e-03 2.8301547891e-05 -3.8675572031e-05 -8.7596656915e-06
3.7916310476e-06 -9.7192767487e-05 6.2563568827e-04 2.8206902566e-03 3.1521781644e-04 -3.3844376377e-17 -8.1367134748e-18 5.6386787706e-17 1.9742101293e-15 -1.6429134352e-16 1.8387701181e-15 6.7244742767e-15 8.3759133746e-15 3.9753626726e-15 8.8737205735e-15 1.3190797732e-14 -1.7168820468e-15 1.9368828454e-04 1.9651049246e-04 1.7313720988e-04 1.1858394800e+00 1.0463600957e-05 6.2138681272e-05 -7.6954940043e-04 -7.6756581676e-04 -7.2631715913e-04 1.5089481543e-02 -2.9536375016e-05 -1.1920531273e-04
1.0707633377e-05 -2.7447410048e-04 1.7668062883e-03 7.9656793498e-03 8.9018070852e-04 1.1689250657e-16 -2.1268086217e-17 -1.0828844344e-16 5.2761040652e-16 1.2166965718e-15 -1.3036593631e-15 -2.6459581117e-14 -1.1920812706e-14 -1.5047268663e-14 -3.6762515417e-14 -2.5135196555e-14 -8.6170231147e-15 5.4697915338e-04 4.9194847230e-04 5.5194320009e-04 1.0463600957e-05 1.1858653242e+00 1.9874822057e-05 -2.1732211658e-03 -2.0490198447e-03 -2.1697321946e-03 -2.9536375001e-05 1.5016529286e-02 -4.3707486323e-05
2.4251816799e-06 -6.2165890131e-05 4.0016557266e-04 1.8041540036e-03 2.0161784309e-04 9.9698625860e-17 -2.8948201626e-16 2.1190031275e-17 1.1947467410e-15 1.0186341248e-16 1.2298441843e-15 4.6129557902e-15 4.7744618761e-15 1.1470763059e-15 2.2022637260e-15 7.5025672278e-15 -5.3541981596e-15 1.0961673485e-04 1.2569093359e-04 1.2501012035e-04 6.2138681272e-05 1.9874822057e-05 1.1857820745e+00 -4.6535310784e-04 -4.9094612148e-04 -4.9142462981e-04 -1.1920531270e-04 -4.3707486308e-05 1.5199606712e-02
-1.5491221428e-04 -8.3799227951e-04 -4.7926470181e-03 -1.2558355886e-03 -1.1241968066e-03 -6.8839123745e-15 -1.4054670315e-15 1.2110275893e-17 2.5162656598e-15 4.5526627802e-16 1.7775538982e-15 5.4116893956e-15 2.3145732829e-14 -1.6383677534e-14 5.9133724878e-15 2.5271972463e-14 -1.7894928937e-14 4.1698834327e-03 -1.7636397015e-03 -2.3383309667e-03 -7.6954940043e-04 -2.1732211658e-03 -4.6535310784e-04 7.5770982641e-05 -7.8006637763e-06 -1.1646322916e-05 -5.9453091190e-06 -1.6789658477e-05 -3.1140014485e-06
-1.5457093713e-04 -8.3761474113e-04 -4.6957132704e-03 7.4591488740e-04 7.4729361585e-04 -6.8676961714e-15 -1.2493841184e-15 -2.2885129270e-18 -2.2392546993e-15 -8.4287038069e-16 -1.7715981002e-15 -6.7167503777e-15 -1.7603021302e-14 1.5822757448e-14 -7.4155193735e-15 -1.9233023089e-14 1.7227551433e-14 -3.3440759273e-03 5.8087055554e-03 -2.3976043336e-03 -7.6756581676e-04 -2.0490198447e-03 -4.9094612148e-04 -7.8006637763e-06 1.1354591043e-04 6.5672789695e-06 -1.2091272617e-05 -3.1105212252e-05 -7.7337516413e-06
-1.5469965178e-04 -8.3775713192e-04 -4.7322723944e-03 -9.0568908868e-06 4.1450170729e-05 -6.8341479096e-15 -1.2669953780e-15 4.8426893201e-17 -4.3079356756e-16 1.2738091538e-16 -7.4096484433e-17 2.0961490903e-15 -1.7973183280e-15 -2.0364456013e-15 2.3736495422e-15 -1.8989667683e-15 -2.1854419669e-15 -3.3226965223e-03 -1.8015336634e-03 5.1915901946e-03 -7.2631715913e-04 -2.1697321946e-03 -4.9142462981e-04 -1.1646322916e-05 6.5672789695e-06 9.6275171539e-05 -8.6965386391e-06 -2.7599935704e-05 -6.2511346885e-06
-1.6295129380e-07 -1.8026512195e-07 -4.6283436313e-05 -9.5578570735e-04 -8.9358979484e-04 1.4932370505e-17 9.3344906704e-18 -3.7496145526e-18 -7.9511142231e-15 -1.7695510345e-15 -4.2507262779e-15 -1.1843755201e-15 -3.3528450983e-14 1.3939377498e-14 -1.2309200000e-15 -3.6467862379e-14 1.5118161028e-14 -1.4930693411e-05 -1.2947109740e-05 2.8301547891e-05 1.5089481543e-02 -2.9536375001e-05 -1.1920531270e-04 -5.9453091190e-06 -1.2091272617e-05 -8.6965386391e-06 1.9498057582e-04 7.5985002731e-06 -1.1637769347e-06
-4.6017734596e-07 -5.0907190395e-07 -1.3070524565e-04 -2.6991558021e-03 -2.5235134412e-03 -1.4889706569e-17 9.6714881113e-17 1.1433758477e-17 1.9721463517e-15 4.2888860357e-16 1.6146394297e-15 6.5665880944e-15 4.2981001654e-14 -2.6225956571e-14 7.0564719592e-15 4.6798940196e-14 -2.8589724770e-14 -4.2164543197e-05 8.2036777896e-05 -3.8675572031e-05 -2.9536375016e-05 1.5016529286e-02 -4.3707486308e-05 -1.6789658477e-05 -3.1105212252e-05 -2.7599935704e-05 7.5985002731e-06 2.1374820531e-04 4.2238670379e-06
-1.0422598809e-07 -1.1530016126e-07 -2.9603550667e-05 -6.1133426703e-04 -5.7155286803e-04 -5.1768073212e-17 1.8447958440e-16 3.2852165208e-17 -4.2793919717e-15 -1.2301314917e-15 -2.4680034558e-15 -3.5999488000e-15 -1.9361270198e-14 1.2609481282e-14 -3.9388432158e-15 -2.1057848449e-14 1.3659661218e-14 1.7311856271e-05 -8.2811573569e-06 -8.7596656915e-06 -1.1920531273e-04 -4.3707486323e-05 1.5199606712e-02 -3.1140014485e-06 -7.7337516413e-06 -6.2511346885e-06 -1.1637769347e-06 4.2238670379e-06 1.9605570519e-04
Ge 29
1.0000086189e+00 -1.2709920374e-04 1.0004069450e-03 9.6140031234e-05 1.5821182061e-04 -2.1937991889e-17 -1.6702696160e-16 -2.9831596933e-19 -8.9747689664e-17 6.5477906001e-18 4.2604164839e-17 -2.7537240487e-17 -1.8963802729e-17 3.1691320160e-18 1.0887005221e-16 3.4053357996e-18 -3.1153973077e-17 -2.0347061575e-05 -6.0938321257e-05 -6.0216672126e-05 -2.0514453617e-05 -2.3346735669e-05 5.5644836235e-06 -1.1218844055e-04 -1.1309579171e-04 -1.1307966042e-04 -4.5856702683e-07 -5.2187805543e-07 1.2438492190e-07
-1.2709920374e-04 9.9583690533e-01 7.1557283162e-03 -2.3335907464e-03 -6.5462105859e-05 -1.9670728843e-16 -2.0490951017e-15 -1.0006942663e-17 -9.0359753428e-16 1.0377161165e-16 4.3117866218e-16 6.8873352763e-16 -2.2209335012e-17 -2.1690699811e-16 -2.4425080136e-16 1.3697728893e-17 -4.5977421243e-17 1.9012375401e-03 8.9724857809e-04 9.1509793202e-04 -5.0740689386e-04 -5.7746088922e-04 1.3763258842e-04 -5.8031668635e-04 -5.8963156788e-04 -5.8946596385e-04 -4.7076564390e-06 -5.3576084723e-06 1.2769375997e-06
1.0004069450e-03 7.1557283162e-03 1.0576905074e+00 1.1859898465e-02 5.2959847358e-03 -4.0181299329e-16 -4.8719047073e-15 -1.3620980219e-17 -1.6333710605e-15 2.7648294325e-17 8.8168289256e-16 3.5669189604e-16 -2.7651772347e-16 -2.8535316604e-16 -2.2939712689e-16 5.0257282190e-16 -1.1325597691e-16 -8.1754692953e-03 -8.0626497869e-03 -8.0646555413e-03 5.7017953837e-05 6.4890009816e-05 -1.5465947877e-05 -6.0550350924e-03 -6.2326498756e-03 -6.2294921625e-03 -8.9764896717e-05 -1.0215808596e-04 2.4348457291e-05
9.6140031234e-05 -2.3335907464e-03 1.1859898465e-02 3.2999325187e-01 2.9299663728e-01 -2.4395249061e-17 -2.0592387903e-15 -8.5278348928e-17 5.7805460460e-15 -1.2585707910e-15 -1.4963732334e-15 1.7563564061e-14 -2.1343892826e-15 -6.6692394547e-15 -2.2021053328e-14 5.2372446245e-15 5.3044679236e-15 -4.4916570169e-03 4.2758080125e-03 4.1199361932e-03 4.4309971182e-03 5.0427528025e-03 -1.2018945939e-03 1.5377193264e-03 -1.3827526851e-03 -1.3308312592e-03 -1.4759800037e-03 -1.6797578743e-03 4.0035512096e-04
1.5821182061e-04 -6.5462105859e-05 5.2959847358e-03 2.9299663728e-01 2.6027890694e-01 1.8377137410e-15 -1.7127248025e-15 -6.6060941186e-17 4.3862115337e-15 -7.6911354773e-16 -1.6038809243e-15 1.2938772645e-14 -1.0007833309e-15 -5.5694487894e-15 -2.7168595691e-14 6.9818009715e-15 6.0161004062e-15 1.2615378109e-03 1.1463576069e-03 1.1484053308e-03 -5.8211027981e-05 -6.6247803067e-05 1.5789565637e-05 1.5116285352e-03 -1.2154814411e-03 -1.1669976899e-03 -1.3782565891e-03 -1.5685424955e-03 3.7384793971e-04
