N 35
9.4847160848e-01 4.2217125336e-02 -9.8116647461e-03 -3.7510650807e-03 -3.1536209182e-16 -7.0305512621e-16 3.6832050898e-17 2.1718378292e-16 -1.7158941193e-15 -5.6248412085e-16 -3.0410963654e-16 -6.0203894253e-16 3.2307914912e-17 8.3037160779e-04 1.1264719817e-03 1.1554225758e-03 -2.8538882559e-05 -1.3501889381e-05 1.7796989791e-04 1.9890339514e-03 2.2456088147e-03 2.2736179638e-03 -2.4881858764e-05 -1.2585668541e-05 1.7258367183e-04 -3.9155771961e-16 2.6664460871e-16 2.3048906860e-16 -2.2822436136e-16 2.5107857666e-16 2.3648745069e-16 -2.2505346436e-16 2.6660381855e-16 2.7368040629e-16 3.3636052794e-18
4.2217125336e-02 2.6904867583e-02 9.0453980568e-02 5.8992251785e-02 -1.6846605726e-16 2.6363863714e-15 9.1102343246e-16 -1.5009615201e-16 3.0885679473e-15 6.6277332283e-16 -1.4005027985e-16 2.6225116611e-15 1.1396216476e-15 2.1807917244e-04 3.3336640994e-04 3.4337873311e-04 -1.1045932462e-05 -4.8751364165e-06 6.1376533993e-05 -1.2224234197e-05 6.4423244786e-04 7.2440662784e-04 -6.4105381587e-05 -3.4781157943e-05 4.9505465923e-04 -2.8964187071e-17 1.0868306561e-16 1.6591348550e-16 -8.7500953903e-18 1.8888193563e-16 2.1720182103e-16 -1.8334435430e-17 1.0561501469e-16 7.8052568243e-17 1.5882321466e-21
-9.8116647461e-03 9.0453980568e-02 3.3020624201e-01 2.1489836865e-01 -7.6322624629e-17 -3.6316946603e-16 5.6786151550e-16 1.3482329865e-17 -1.0245794821e-15 -4.3634453647e-16 3.8515432548e-17 -5.6351588097e-16 4.8873901433e-16 6.4921286411e-04 1.0169930488e-03 1.0483770980e-03 -3.5208816504e-05 -1.5383584589e-05 1.9230135277e-04 -3.8651583347e-04 1.9535289591e-03 2.2398948555e-03 -2.2854374260e-04 -1.2415645943e-04 1.7682976228e-03 -1.5426221004e-17 2.1807617286e-16 3.9162438561e-16 -1.5625776032e-17 2.1260331313e-16 4.1850824167e-16 -2.4230345019e-17 2.3085213466e-16 4.2383554932e-16 -5.3238270932e-17
-3.7510650807e-03 5.8992251785e-02 2.1489836865e-01 1.3986327276e-01 3.4312918190e-16 -8.2593149629e-15 -3.0100007170e-15 4.9442505040e-16 -1.0613479171e-14 -4.1221492403e-15 4.3358032374e-16 -8.5978491857e-15 -3.8078143424e-15 4.2486867372e-04 6.6507321179e-04 6.8558099059e-04 -2.2996110893e-05 -1.0050426558e-05 1.2566014271e-04 -2.4605036342e-04 1.2777578605e-03 1.4642263728e-03 -1.4882436679e-04 -8.0846295883e-05 1.1514343554e-03 8.3263337620e-18 2.3024117867e-17 1.0931523084e-16 -2.9149058225e-17 -2.2896039993e-16 -4.2450293109e-17 -1.5201438370e-17 8.9491194236e-17 3.9459470660e-16 -7.9380714092e-17
-3.1536209182e-16 -1.6846605726e-16 -7.6322624629e-17 3.4312918190e-16 2.8885276060e-04 -6.1627236223e-03 -9.4903012586e-04 3.5916708456e-04 -7.7140949289e-03 -8.9767424501e-04 2.9422787097e-04 -6.1817544463e-03 -1.4941704489e-03 -9.2360886888e-18 -3.0968044105e-17 -4.0606357275e-17 7.5444559127e-19 -3.1151167410e-18 3.4983634099e-18 -8.0826010838e-17 -7.1833089078e-17 -6.6421793696e-17 -2.0316216276e-18 1.4094050046e-18 9.4941110662e-19 1.2779640051e-05 -7.0814809926e-05 -9.9122192014e-05 -1.4199381772e-05 -2.4842742963e-04 -1.7009310170e-04 3.2734336246e-06 -7.9835565420e-05 1.3389844064e-04 -3.0603805478e-05
-7.0305512621e-16 2.6363863714e-15 -3.6316946603e-16 -8.2593149629e-15 -6.1627236223e-03 1.3581726537e-01 -3.6561386477e-03 -7.7140949289e-03 1.7113358537e-01 -1.0788406492e-02 -6.1817544463e-03 1.3413253763e-01 7.9364812269e-03 1.5727427307e-16 6.3405099991e-16 8.8063163939e-16 7.8124269223e-18 4.1398892737e-17 -1.0602701021e-16 1.6740668156e-15 1.4590675674e-15 1.3230820913e-15 2.4937397599e-17 -3.0186471300e-17 -2.1594377609e-17 -2.4931314945e-04 1.2456679597e-03 1.9872481009e-03 3.1449754619e-04 4.9627915225e-03 2.6701326131e-03 -1.0726552215e-04 2.2452795661e-03 -3.5960627434e-03 6.1824675494e-04
3.6832050898e-17 9.1102343246e-16 5.6786151550e-16 -3.0100007170e-15 -9.4903012586e-04 -3.6561386477e-03 1.3494312649e-01 -8.9767424501e-04 -1.0788406492e-02 1.6806495018e-01 -1.4941704489e-03 7.9364812269e-03 1.3694399422e-01 1.9084660975e-16 1.6430761643e-16 -3.2179058392e-17 -1.3187319338e-16 1.4957000863e-16 1.4720362075e-16 4.6760161575e-16 4.7550111063e-16 5.6008742246e-16 1.1698418416e-16 7.4856903619e-19 -6.2897163605e-17 -1.7071798610e-04 1.6950689126e-03 1.0290309929e-03 -1.7050742220e-05 2.6771859343e-03 5.8466190046e-03 1.9564346364e-04 -2.7265784990e-03 3.6372583873e-03 2.9186179536e-04
2.1718378292e-16 -1.5009615201e-16 1.3482329865e-17 4.9442505040e-16 3.5916708456e-04 -7.7140949289e-03 -8.9767424501e-04 4.4720261375e-04 -9.6693063294e-03 -7.6250727986e-04 3.6472075326e-04 -7.7130604246e-03 -1.5750665921e-03 -1.0378047686e-17 -3.7290930393e-17 -4.9734567091e-17 6.3026663116e-19 -3.5890225435e-18 4.8716892846e-18 -9.8912518687e-17 -8.6675615191e-17 -7.9610720610e-17 -2.3849613309e-18 1.7129668462e-18 1.7751857663e-18 1.5614793509e-05 -8.4920456017e-05 -1.2174449530e-04 -1.7792337497e-05 -3.0491488820e-04 -2.0017158577e-04 4.5123867726e-06 -1.0567193323e-04 1.7522631957e-04 -3.7643773723e-05
-1.7158941193e-15 3.0885679473e-15 -1.0245794821e-15 -1.0613479171e-14 -7.7140949289e-03 1.7113358537e-01 -1.0788406492e-02 -9.6693063294e-03 2.1591652103e-01 -2.1284838576e-02 -7.7130604246e-03 1.6848142954e-01 3.7125916404e-03 1.8740523614e-16 7.8790888992e-16 1.1072324299e-15 1.5963687190e-17 4.5293742878e-17 -1.4069334965e-16 2.0847404269e-15 1.8096111435e-15 1.6340537352e-15 2.6431192398e-17 -3.7814799347e-17 -2.7399458190e-17 -3.0600785968e-04 1.4903339788e-03 2.4543633258e-03 3.9666931618e-04 6.1244050663e-03 3.0931258581e-03 -1.4399392597e-04 2.9513369702e-03 -4.6934424493e-03 7.6486583651e-04
-5.6248412085e-16 6.6277332283e-16 -4.3634453647e-16 -4.1221492403e-15 -8.9767424501e-04 -1.0788406492e-02 1.6806495018e-01 -7.6250727986e-04 -2.1284838576e-02 2.0960296227e-01 -1.5750665921e-03 3.7125916404e-03 1.7002187825e-01 2.2734253900e-16 1.7090944463e-16 -8.5019719157e-17 -1.6429155747e-16 1.8425793874e-16 1.8721635502e-16 5.0483560126e-16 5.1609165480e-16 6.2654994722e-16 1.4523186553e-16 2.7657138867e-18 -8.3634861352e-17 -2.0095486996e-04 2.0517884198e-03 1.1890322929e-03 -3.5662583665e-05 3.1029799504e-03 7.1517304893e-03 2.4834844170e-04 -3.4955718225e-03 4.6906995140e-03 3.3473393337e-04
-3.0410963654e-16 -1.4005027985e-16 3.8515432548e-17 4.3358032374e-16 2.9422787097e-04 -6.1817544463e-03 -1.4941704489e-03 3.6472075326e-04 -7.7130604246e-03 -1.5750665921e-03 3.0181364556e-04 -6.2472755258e-03 -2.0502944941e-03 -9.8042262970e-18 -3.1412407549e-17 -4.0305455646e-17 1.2731892406e-18 -3.7363355116e-18 3.0001183059e-18 -8.3241439224e-17 -7.3392423564e-17 -6.8187469456e-17 -2.5927130696e-18 1.3696327830e-18 1.8395893016e-18 1.3532546643e-05 -7.7984185991e-05 -1.0378111982e-04 -1.4208711562e-05 -2.6049672285e-04 -1.9441659873e-04 2.5084718657e-06 -6.9361584328e-05 1.2007578406e-04 -3.1938807104e-05
-6.0203894253e-16 2.6225116611e-15 -5.6351588097e-16 -8.5978491857e-15 -6.1817544463e-03 1.3413253763e-01 7.9364812269e-03 -7.7130604246e-03 1.6848142954e-01 3.7125916404e-03 -6.2472755258e-03 1.3345754458e-01 1.9583367478e-02 1.7160675092e-16 6.4104137213e-16 8.6828446375e-16 -3.5349371009e-18 5.3799595438e-17 -9.2481621058e-17 1.6976720460e-15 1.4837588260e-15 1.3561742433e-15 3.4875433033e-17 -2.9723947191e-17 -2.8095582656e-17 -2.6141453320e-04 1.3782430087e-03 2.0552984484e-03 3.0986126880e-04 5.1419292287e-03 3.1438348947e-03 -8.9428533813e-05 1.9891168123e-03 -3.2482732293e-03 6.3699623146e-04
3.2307914912e-17 1.1396216476e-15 4.8873901433e-16 -3.8078143424e-15 -1.4941704489e-03 7.9364812269e-03 1.3694399422e-01 -1.5750665921e-03 3.7125916404e-03 1.7002187825e-01 -2.0502944941e-03 1.9583367478e-02 1.3997401748e-01 2.0755128713e-16 2.2142533481e-16 4.2725238679e-17 -1.3346024274e-16 1.5569012121e-16 1.4060645680e-16 6.1946341641e-16 6.0865748443e-16 6.8297692550e-16 1.2116894795e-16 -1.8083054583e-18 -6.6125442772e-17 -1.9504136787e-04 1.8310423195e-03 1.2172197724e-03 9.6458020700e-06 3.1489948970e-03 6.1760444960e-03 1.8979412768e-04 -2.5806648442e-03 3.3910460662e-03 3.4992361567e-04
8.3037160779e-04 2.1807917244e-04 6.4921286411e-04 4.2486867372e-04 -9.2360886888e-18 1.5727427307e-16 1.9084660975e-16 -1.0378047686e-17 1.8740523614e-16 2.2734253900e-16 -9.8042262970e-18 1.7160675092e-16 2.0755128713e-16 2.0377868078e-06 3.0360007514e-06 3.1244826070e-06 -9.5734571303e-08 -4.2754027870e-08 5.4267915913e-07 1.0121553936e-06 5.9051007967e-06 6.5008437443e-06 -4.7771784095e-07 -2.5868573241e-07 3.6783551253e-06 -9.2800302989e-19 4.6146947087e-18 4.8649826747e-18 1.1932129233e-19 1.0487800650e-17 1.2677264496e-17 -9.7986789376e-20 -5.1350278177e-19 1.9821671237e-18 1.0627418472e-18
1.1264719817e-03 3.3336640994e-04 1.0169930488e-03 6.6507321179e-04 -3.0968044105e-17 6.3405099991e-16 1.6430761643e-16 -3.7290930393e-17 7.8790888992e-16 1.7090944463e-16 -3.1412407549e-17 6.4104137213e-16 2.2142533481e-16 3.0360007514e-06 4.5432626886e-06 4.6763761667e-06 -1.4452966337e-07 -6.4408136841e-08 8.1634070574e-07 1.2220048505e-06 8.8268630655e-06 9.7533821673e-06 -7.4252331663e-07 -4.0223979175e-07 5.7207639122e-06 -1.9296204116e-18 9.1408924070e-18 1.2249866068e-17 1.1342718196e-18 2.7953839815e-17 2.1980528144e-17 -5.9562594408e-19 8.0080404685e-18 -1.0470053632e-17 3.1444254866e-18
1.1554225758e-03 3.4337873311e-04 1.0483770980e-03 6.8558099059e-04 -4.0606357275e-17 8.8063163939e-16 -3.2179058392e-17 -4.9734567091e-17 1.1072324299e-15 -8.5019719157e-17 -4.0305455646e-17 8.6828446375e-16 4.2725238679e-17 3.1244826070e-06 4.6763761667e-06 4.8134143093e-06 -1.4880845439e-07 -6.6310186748e-08 8.4040679059e-07 1.2475939652e-06 9.0851365489e-06 1.0040023865e-05 -7.6524318573e-07 -4.1455301315e-07 5.8959247544e-06 -2.1463068887e-18 8.9978956815e-18 1.4378934011e-17 1.7087815423e-18 3.3035901848e-17 1.8541911257e-17 -1.0712933262e-18 1.5870663598e-17 -2.1937078324e-17 3.8276583295e-18
-2.8538882559e-05 -1.1045932462e-05 -3.5208816504e-05 -2.2996110893e-05 7.5444559127e-19 7.8124269223e-18 -1.3187319338e-16 6.3026663116e-19 1.5963687190e-17 -1.6429155747e-16 1.2731892406e-18 -3.5349371009e-18 -1.3346024274e-16 -9.5734571303e-08 -1.4452966337e-07 -1.4880845439e-07 4.6773133402e-09 2.0758493710e-09 -2.6235763025e-08 -2.0490466661e-08 -2.8017697908e-07 -3.1185067991e-07 2.5357126783e-08 1.3746205253e-08 -1.9557220195e-07 1.7281060467e-19 -1.6477181130e-18 -9.9239218383e-19 3.5129008507e-20 -2.4906570630e-18 -5.6761847458e-18 -1.8461475828e-19 2.6970242523e-18 -3.7146830014e-18 -2.6018066613e-19
-1.3501889381e-05 -4.8751364165e-06 -1.5383584589e-05 -1.0050426558e-05 -3.1151167410e-18 4.1398892737e-17 1.4957000863e-16 -3.5890225435e-18 4.5293742878e-17 1.8425793874e-16 -3.7363355116e-18 5.3799595438e-17 1.5569012121e-16 -4.2754027870e-08 -6.4408136841e-08 -6.6310186748e-08 2.0758493710e-09 9.2219009278e-10 -1.1663070501e-08 -1.1106316175e-08 -1.2492476953e-07 -1.3880354444e-07 1.1113634139e-08 6.0237731196e-09 -8.5695392100e-08 -2.6775997679e-19 2.2972582753e-18 1.7934289220e-18 9.0299477666e-20 4.6395353933e-18 7.4050771376e-18 1.8721455667e-19 -2.3106860076e-18 2.8376737829e-18 5.3558327606e-19
1.7796989791e-04 6.1376533993e-05 1.9230135277e-04 1.2566014271e-04 3.4983634099e-18 -1.0602701021e-16 1.4720362075e-16 4.8716892846e-18 -1.4069334965e-16 1.8721635502e-16 3.0001183059e-18 -9.2481621058e-17 1.4060645680e-16 5.4267915913e-07 8.1634070574e-07 8.4040679059e-07 -2.6235763025e-08 -1.1663070501e-08 1.4757375801e-07 1.5800169938e-07 1.5839416831e-06 1.7577862384e-06 -1.3923215354e-07 -7.5457475865e-08 1.0734109721e-06 -8.0438854389e-20 1.0568692842e-18 -1.1510379952e-19 -3.0727616408e-19 -6.8580150712e-19 4.5354733858e-18 2.3148164911e-19 -4.4071038268e-18 6.8816232428e-18 -1.8221567048e-19
1.9890339514e-03 -1.2224234197e-05 -3.8651583347e-04 -2.4605036342e-04 -8.0826010838e-17 1.6740668156e-15 4.6760161575e-16 -9.8912518687e-17 2.0847404269e-15 5.0483560126e-16 -8.3241439224e-17 1.6976720460e-15 6.1946341641e-16 1.0121553936e-06 1.2220048505e-06 1.2475939652e-06 -2.0490466661e-08 -1.1106316175e-08 1.5800169938e-07 4.5768559181e-06 2.5179026296e-06 2.2588663861e-06 2.0145946130e-07 1.1138548608e-07 -1.6003133086e-06 -4.5498323498e-18 2.2257507651e-17 2.8677045195e-17 3.3875774757e-18 7.2196039157e-17 5.5489000912e-17 -1.0318276759e-18 1.7844855020e-17 -3.0776107442e-17 8.8655435302e-18
2.2456088147e-03 6.4423244786e-04 1.9535289591e-03 1.2777578605e-03 -7.1833089078e-17 1.4590675674e-15 4.7550111063e-16 -8.6675615191e-17 1.8096111435e-15 5.1609165480e-16 -7.3392423564e-17 1.4837588260e-15 6.0865748443e-16 5.9051007967e-06 8.8268630655e-06 9.0851365489e-06 -2.8017697908e-07 -1.2492476953e-07 1.5839416831e-06 2.5179026296e-06 1.7154105233e-05 1.8936993735e-05 -1.4290354188e-06 -7.7406102757e-07 1.1008360118e-05 -4.4020481701e-18 2.1927044825e-17 2.8416146980e-17 2.7069862998e-18 6.5999431257e-17 5.4287596085e-17 -1.1162652072e-18 1.6103862954e-17 -2.2104856211e-17 7.5187791660e-18
2.2736179638e-03 7.2440662784e-04 2.2398948555e-03 1.4642263728e-03 -6.6421793696e-17 1.3230820913e-15 5.6008742246e-16 -7.9610720610e-17 1.6340537352e-15 6.2654994722e-16 -6.8187469456e-17 1.3561742433e-15 6.8297692550e-16 6.5008437443e-06 9.7533821673e-06 1.0040023865e-05 -3.1185067991e-07 -1.3880354444e-07 1.7577862384e-06 2.2588663861e-06 1.8936993735e-05 2.0969634777e-05 -1.6284560382e-06 -8.8236046901e-07 1.2550557461e-05 -4.2873748863e-18 2.1913797861e-17 2.7426174298e-17 2.3654122447e-18 6.2914041634e-17 5.5524043795e-17 -9.2385936871e-19 1.2481740177e-17 -1.6022792631e-17 7.0392597029e-18
-2.4881858764e-05 -6.4105381587e-05 -2.2854374260e-04 -1.4882436679e-04 -2.0316216276e-18 2.4937397599e-17 1.1698418416e-16 -2.3849613309e-18 2.6431192398e-17 1.4523186553e-16 -2.5927130696e-18 3.4875433033e-17 1.2116894795e-16 -4.7771784095e-07 -7.4252331663e-07 -7.6524318573e-07 2.5357126783e-08 1.1113634139e-08 -1.3923215354e-07 2.0145946130e-07 -1.4290354188e-06 -1.6284560382e-06 1.5923865093e-07 8.6475334231e-08 -1.2314017011e-06 -1.7682101237e-19 1.5793497639e-18 1.0293538760e-18 6.8046683160e-20 3.2059713162e-18 5.3679240739e-18 1.7357274018e-19 -2.0951400005e-18 2.1434138315e-18 4.1911616391e-19
-1.2585668541e-05 -3.4781157943e-05 -1.2415645943e-04 -8.0846295883e-05 1.4094050046e-18 -3.0186471300e-17 7.4856903619e-19 1.7129668462e-18 -3.7814799347e-17 2.7657138867e-18 1.3696327830e-18 -2.9723947191e-17 -1.8083054583e-18 -2.5868573241e-07 -4.0223979175e-07 -4.1455301315e-07 1.3746205253e-08 6.0237731196e-09 -7.5457475865e-08 1.1138548608e-07 -7.7406102757e-07 -8.8236046901e-07 8.6475334231e-08 4.6961765323e-08 -6.6873821360e-07 6.8021242997e-20 -3.6303167858e-19 -5.9408916067e-19 -6.0452962266e-20 -1.1897619797e-18 -7.5158864419e-19 3.7153171103e-20 -5.9587917629e-19 6.4276275177e-19 -1.1776587633e-19
1.7258367183e-04 4.9505465923e-04 1.7682976228e-03 1.1514343554e-03 9.4941110662e-19 -2.1594377609e-17 -6.2897163605e-17 1.7751857663e-18 -2.7399458190e-17 -8.3634861352e-17 1.8395893016e-18 -2.8095582656e-17 -6.6125442772e-17 3.6783551253e-06 5.7207639122e-06 5.8959247544e-06 -1.9557220195e-07 -8.5695392100e-08 1.0734109721e-06 -1.6003133086e-06 1.1008360118e-05 1.2550557461e-05 -1.2314017011e-06 -6.6873821360e-07 9.5229168677e-06 -5.2458676591e-20 2.0184990049e-19 1.3359993115e-18 -1.7885153433e-19 -8.9782349908e-19 -1.0003858197e-18 -2.6300128395e-19 2.2934775755e-18 1.1080819072e-18 -5.2543469369e-19
-3.9155771961e-16 -2.8964187071e-17 -1.5426221004e-17 8.3263337620e-18 1.2779640051e-05 -2.4931314945e-04 -1.7071798610e-04 1.5614793509e-05 -3.0600785968e-04 -2.0095486996e-04 1.3532546643e-05 -2.6141453320e-04 -1.9504136787e-04 -9.2800302989e-19 -1.9296204116e-18 -2.1463068887e-18 1.7281060467e-19 -2.6775997679e-19 -8.0438854389e-20 -4.5498323498e-18 -4.4020481701e-18 -4.2873748863e-18 -1.7682101237e-19 6.8021242997e-20 -5.2458676591e-20 6.9111455205e-07 -4.5611154684e-06 -5.0722892433e-06 -5.6601217354e-07 -1.2808397029e-05 -1.2689023508e-05 -5.6727171293e-08 -6.1343375446e-07 1.9425692171e-06 -1.5408176535e-06
2.6664460871e-16 1.0868306561e-16 2.1807617286e-16 2.3024117867e-17 -7.0814809926e-05 1.2456679597e-03 1.6950689126e-03 -8.4920456017e-05 1.4903339788e-03 2.0517884198e-03 -7.7984185991e-05 1.3782430087e-03 1.8310423195e-03 4.6146947087e-18 9.1408924070e-18 8.9978956815e-18 -1.6477181130e-18 2.2972582753e-18 1.0568692842e-18 2.2257507651e-17 2.1927044825e-17 2.1913797861e-17 1.5793497639e-18 -3.6303167858e-19 2.0184990049e-19 -4.5611154684e-06 3.3584123719e-05 3.2103468747e-05 2.7744124584e-06 8.1548956811e-05 1.0035994029e-04 1.4871759811e-06 -1.3584837163e-05 1.2403984275e-05 9.6251254958e-06
2.3048906860e-16 1.6591348550e-16 3.9162438561e-16 1.0931523084e-16 -9.9122192014e-05 1.9872481009e-03 1.0290309929e-03 -1.2174449530e-04 2.4543633258e-03 1.1890322929e-03 -1.0378111982e-04 2.0552984484e-03 1.2172197724e-03 4.8649826747e-18 1.2249866068e-17 1.4378934011e-17 -9.9239218383e-19 1.7934289220e-18 -1.1510379952e-19 2.8677045195e-17 2.8416146980e-17 2.7426174298e-17 1.0293538760e-18 -5.9408916067e-19 1.3359993115e-18 -5.0722892433e-06 3.2103468747e-05 3.7767446497e-05 4.5327414830e-06 9.5179287487e-05 8.6582203300e-05 -2.2050037481e-08 1.1448816242e-05 -2.4194197868e-05 1.1522710392e-05
-2.2822436136e-16 -8.7500953903e-18 -1.5625776032e-17 -2.9149058225e-17 -1.4199381772e-05 3.1449754619e-04 -1.7050742220e-05 -1.7792337497e-05 3.9666931618e-04 -3.5662583665e-05 -1.4208711562e-05 3.0986126880e-04 9.6458020700e-06 1.1932129233e-19 1.1342718196e-18 1.7087815423e-18 3.5129008507e-20 9.0299477666e-20 -3.0727616408e-19 3.3875774757e-18 2.7069862998e-18 2.3654122447e-18 6.8046683160e-20 -6.0452962266e-20 -1.7885153433e-19 -5.6601217354e-07 2.7744124584e-06 4.5327414830e-06 7.2879492445e-07 1.1312863986e-05 5.8061520734e-06 -2.6065473308e-07 5.3688883918e-06 -8.5524144612e-06 1.4119677062e-06
2.5107857666e-16 1.8888193563e-16 2.1260331313e-16 -2.2896039993e-16 -2.4842742963e-04 4.9627915225e-03 2.6771859343e-03 -3.0491488820e-04 6.1244050663e-03 3.1029799504e-03 -2.6049672285e-04 5.1419292287e-03 3.1489948970e-03 1.0487800650e-17 2.7953839815e-17 3.3035901848e-17 -2.4906570630e-18 4.6395353933e-18 -6.8580150712e-19 7.2196039157e-17 6.5999431257e-17 6.2914041634e-17 3.2059713162e-18 -1.1897619797e-18 -8.9782349908e-19 -1.2808397029e-05 8.1548956811e-05 9.5179287487e-05 1.1312863986e-05 2.3993103557e-04 2.2093584265e-04 9.8412597092e-08 2.6468475983e-05 -5.7601593698e-05 2.9021519806e-05
2.3648745069e-16 2.1720182103e-16 4.1850824167e-16 -4.2450293109e-17 -1.7009310170e-04 2.6701326131e-03 5.8466190046e-03 -2.0017158577e-04 3.0931258581e-03 7.1517304893e-03 -1.9441659873e-04 3.1438348947e-03 6.1760444960e-03 1.2677264496e-17 2.1980528144e-17 1.8541911257e-17 -5.6761847458e-18 7.4050771376e-18 4.5354733858e-18 5.5489000912e-17 5.4287596085e-17 5.5524043795e-17 5.3679240739e-18 -7.5158864419e-19 -1.0003858197e-18 -1.2689023508e-05 1.0035994029e-04 8.6582203300e-05 5.8061520734e-06 2.2093584265e-04 3.1226417191e-04 6.3514788181e-06 -7.2878350571e-05 8.4697152472e-05 2.5695219047e-05
-2.2505346436e-16 -1.8334435430e-17 -2.4230345019e-17 -1.5201438370e-17 3.2734336246e-06 -1.0726552215e-04 1.9564346364e-04 4.5123867726e-06 -1.4399392597e-04 2.4834844170e-04 2.5084718657e-06 -8.9428533813e-05 1.8979412768e-04 -9.7986789376e-20 -5.9562594408e-19 -1.0712933262e-18 -1.8461475828e-19 1.8721455667e-19 2.3148164911e-19 -1.0318276759e-18 -1.1162652072e-18 -9.2385936871e-19 1.7357274018e-19 3.7153171103e-20 -2.6300128395e-19 -5.6727171293e-08 1.4871759811e-06 -2.2050037481e-08 -2.6065473308e-07 9.8412597092e-08 6.3514788181e-06 3.6025402282e-07 -5.5844246649e-06 7.9010508936e-06 -4.7280830033e-08
2.6660381855e-16 1.0561501469e-16 2.3085213466e-16 8.9491194236e-17 -7.9835565420e-05 2.2452795661e-03 -2.7265784990e-03 -1.0567193323e-04 2.9513369702e-03 -3.4955718225e-03 -6.9361584328e-05 1.9891168123e-03 -2.5806648442e-03 -5.1350278177e-19 8.0080404685e-18 1.5870663598e-17 2.6970242523e-18 -2.3106860076e-18 -4.4071038268e-18 1.7844855020e-17 1.6103862954e-17 1.2481740177e-17 -2.0951400005e-18 -5.9587917629e-19 2.2934775755e-18 -6.1343375446e-07 -1.3584837163e-05 1.1448816242e-05 5.3688883918e-06 2.6468475983e-05 -7.2878350571e-05 -5.5844246649e-06 8.9832708688e-05 -1.2945026474e-04 4.1208953791e-06
2.7368040629e-16 7.8052568243e-17 4.2383554932e-16 3.9459470660e-16 1.3389844064e-04 -3.5960627434e-03 3.6372583873e-03 1.7522631957e-04 -4.6934424493e-03 4.6906995140e-03 1.2007578406e-04 -3.2482732293e-03 3.3910460662e-03 1.9821671237e-18 -1.0470053632e-17 -2.1937078324e-17 -3.7146830014e-18 2.8376737829e-18 6.8816232428e-18 -3.0776107442e-17 -2.2104856211e-17 -1.6022792631e-17 2.1434138315e-18 6.4276275177e-19 1.1080819072e-18 1.9425692171e-06 1.2403984275e-05 -2.4194197868e-05 -8.5524144612e-06 -5.7601593698e-05 8.4697152472e-05 7.9010508936e-06 -1.2945026474e-04 1.8817113258e-04 -8.2694168916e-06
3.3636052794e-18 1.5882321466e-21 -5.3238270932e-17 -7.9380714092e-17 -3.0603805478e-05 6.1824675494e-04 2.9186179536e-04 -3.7643773723e-05 7.6486583651e-04 3.3473393337e-04 -3.1938807104e-05 6.3699623146e-04 3.4992361567e-04 1.0627418472e-18 3.1444254866e-18 3.8276583295e-18 -2.6018066613e-19 5.3558327606e-19 -1.8221567048e-19 8.8655435302e-18 7.5187791660e-18 7.0392597029e-18 4.1911616391e-19 -1.1776587633e-19 -5.2543469369e-19 -1.5408176535e-06 9.6251254958e-06 1.1522710392e-05 1.4119677062e-06 2.9021519806e-05 2.5695219047e-05 -4.7280830033e-08 4.1208953791e-06 -8.2694168916e-06 3.5201022042e-06
9.4847160848e-01 4.2217125336e-02 -9.8116647461e-03 -3.7510650807e-03 -3.3267883227e-16 -2.5364748135e-16 -3.4719298920e-16 1.9470722713e-16 -1.1325778751e-15 -1.0609359087e-15 -3.1998433525e-16 -1.9005546461e-16 -3.1973765760e-16 8.3037160779e-04 1.1264719817e-03 1.1554225758e-03 -2.8538882559e-05 -1.3501889381e-05 1.7796989791e-04 1.9890339514e-03 2.2456088147e-03 2.2736179638e-03 -2.4881858764e-05 -1.2585668541e-05 1.7258367183e-04 -3.9189329159e-16 2.6599860641e-16 2.3407888797e-16 -2.2716003805e-16 2.5974735856e-16 2.2899835392e-16 -2.2594005403e-16 2.8138696428e-16 2.5201610249e-16 4.5584162603e-18
4.2217125336e-02 2.6904867583e-02 9.0453980568e-02 5.8992251785e-02 -1.2621290330e-16 1.5398237439e-15 1.8480513442e-15 -9.5252957075e-17 1.6652659615e-15 1.8790045295e-15 -1.0131573334e-16 1.6172646650e-15 1.9986190910e-15 2.1807917244e-04 3.3336640994e-04 3.4337873311e-04 -1.1045932462e-05 -4.8751364165e-06 6.1376533993e-05 -1.2224234197e-05 6.4423244786e-04 7.2440662784e-04 -6.4105381587e-05 -3.4781157943e-05 4.9505465923e-04 -2.8145385494e-17 1.1025932267e-16 1.5715426253e-16 -1.1347063135e-17 1.6772995399e-16 2.3547535004e-16 -1.6171140906e-17 6.9543876796e-17 1.3091385393e-16 -2.9137717613e-18
-9.8116647461e-03 9.0453980568e-02 3.3020624201e-01 2.1489836865e-01 -9.2133909625e-17 4.7168286146e-17 2.1722223837e-16 -7.0401945842e-18 -4.9197466508e-16 -8.9146270931e-16 2.4020823350e-17 -1.8734877256e-16 1.6729902430e-16 6.4921286411e-04 1.0169930488e-03 1.0483770980e-03 -3.5208816504e-05 -1.5383584589e-05 1.9230135277e-04 -3.8651583347e-04 1.9535289591e-03 2.2398948555e-03 -2.2854374260e-04 -1.2415645943e-04 1.7682976228e-03 -1.5732619554e-17 2.1748633170e-16 3.9490211894e-16 -1.4653981189e-17 2.2051846215e-16 4.1167022018e-16 -2.5039857755e-17 2.4435008660e-16 4.0405466258e-16 -5.2147332542e-17
-3.7510650807e-03 5.8992251785e-02 2.1489836865e-01 1.3986327276e-01 2.1823622380e-16 -5.0180669744e-15 -5.7796918937e-15 3.3231812571e-16 -6.4064465924e-15 -7.7171166896e-15 3.1908775595e-16 -5.6265142867e-15 -6.3468610560e-15 4.2486867372e-04 6.6507321179e-04 6.8558099059e-04 -2.2996110893e-05 -1.0050426558e-05 1.2566014271e-04 -2.4605036342e-04 1.2777578605e-03 1.4642263728e-03 -1.4882436679e-04 -8.0846295883e-05 1.1514343554e-03 5.9060990228e-18 1.8364976753e-17 1.3520596715e-16 -2.1472874241e-17 -1.6643882916e-16 -9.6463659661e-17 -2.1595759906e-17 1.9611119041e-16 2.3834596020e-16 -7.0763418119e-17
-3.3267883227e-16 -1.2621290330e-16 -9.2133909625e-17 2.1823622380e-16 1.6952055945e-04 -3.0657895531e-03 -3.5954030652e-03 2.0427783829e-04 -3.6943770395e-03 -4.3325787049e-03 1.8483299125e-04 -3.3427158066e-03 -3.9201681814e-03 -9.3525112729e-18 -1.9949271278e-17 -2.0356261720e-17 3.4348125095e-18 -5.0353334600e-18 -1.6613220543e-18 -5.2403267796e-17 -4.8331429476e-17 -4.7556428524e-17 -3.7013831547e-18 7.2116142320e-19 1.6798292800e-18 1.0467164287e-05 -7.5266506587e-05 -7.4384219591e-05 -6.8649736101e-06 -1.8868958073e-04 -2.2170156722e-04 -2.8361859683e-06 2.2037262512e-05 -1.5393457952e-05 -2.2370187570e-05
-2.5364748135e-16 1.5398237439e-15 4.7168286146e-17 -5.0180669744e-15 -3.0657895531e-03 5.5444989177e-02 6.5023081519e-02 -3.6943770395e-03 6.6813031820e-02 7.8354947473e-02 -3.3427158066e-03 6.0453217192e-02 7.0896478255e-02 1.6029569615e-16 3.4808951893e-16 3.5509695364e-16 -6.1749012045e-17 9.1232755851e-17 2.7878218608e-17 9.3643388481e-16 8.4914761616e-16 8.3348421605e-16 6.8271395556e-17 -1.2325030928e-17 -4.0550341750e-17 -1.8929929812e-04 1.3611993161e-03 1.3452431025e-03 1.2415346224e-04 3.4124624602e-03 4.0094862293e-03 5.1292594482e-05 -3.9854522311e-04 2.7839161649e-04 4.0456619288e-04
-3.4719298920e-16 1.8480513442e-15 2.1722223837e-16 -5.7796918937e-15 -3.5954030652e-03 6.5023081519e-02 7.6255784211e-02 -4.3325787049e-03 7.8354947473e-02 9.1890722906e-02 -3.9201681814e-03 7.0896478255e-02 8.3143807105e-02 1.8826476199e-16 4.0866565184e-16 4.1689758966e-16 -7.2431982948e-17 1.0698628426e-16 3.2779753119e-17 1.0979191438e-15 9.9668613363e-16 9.7845556955e-16 7.9954684341e-17 -1.4514278477e-17 -4.6699030413e-17 -2.2200065102e-04 1.5963457728e-03 1.5776331318e-03 1.4560090669e-04 4.0019635323e-03 4.7021228394e-03 6.0153362854e-05 -4.6739369808e-04 3.2648361993e-04 4.7445478717e-04
1.9470722713e-16 -9.5252957075e-17 -7.0401945842e-18 3.3231812571e-16 2.0427783829e-04 -3.6943770395e-03 -4.3325787049e-03 2.4616150012e-04 -4.4518455925e-03 -5.2208995470e-03 2.2272982120e-04 -4.0280822645e-03 -4.7239313297e-03 -1.0529160346e-17 -2.2988928070e-17 -2.3450613494e-17 4.1092941502e-18 -6.0814002707e-18 -1.8254116226e-18 -6.2020739231e-17 -5.6171239113e-17 -5.5124101206e-17 -4.5522565111e-18 8.1964946372e-19 2.7232443728e-18 1.2613276528e-05 -9.0698610898e-05 -8.9635426109e-05 -8.2725185281e-06 -2.2737713810e-04 -2.6715766538e-04 -3.4176971836e-06 2.6555624652e-05 -1.8549622089e-05 -2.6956810275e-05
-1.1325778751e-15 1.6652659615e-15 -4.9197466508e-16 -6.4064465924e-15 -3.6943770395e-03 6.6813031820e-02 7.8354947473e-02 -4.4518455925e-03 8.0511896337e-02 9.4420283538e-02 -4.0280822645e-03 7.2848110963e-02 8.5432583322e-02 1.9132694327e-16 4.1674035514e-16 4.2510580707e-16 -7.4324757570e-17 1.0997644732e-16 3.3111204067e-17 1.1273173041e-15 1.0179552398e-15 9.9857190254e-16 8.2677287056e-17 -1.4631241096e-17 -5.2003672056e-17 -2.2811186757e-04 1.6402898543e-03 1.6210620932e-03 1.4960899706e-04 4.1121292713e-03 4.8315625090e-03 6.1809259920e-05 -4.8026007523e-04 3.3547103548e-04 4.8751554143e-04
-1.0609359087e-15 1.8790045295e-15 -8.9146270931e-16 -7.7171166896e-15 -4.3325787049e-03 7.8354947473e-02 9.1890722906e-02 -5.2208995470e-03 9.4420283538e-02 1.1073133722e-01 -4.7239313297e-03 8.5432583322e-02 1.0019101658e-01 2.2399138608e-16 4.8807808446e-16 4.9786690212e-16 -8.7138834286e-17 1.2898567435e-16 3.8697963155e-17 1.3229668843e-15 1.1925725594e-15 1.1695779509e-15 9.7168800736e-17 -1.7044956867e-17 -6.2610220752e-17 -2.6751807117e-04 1.9236490528e-03 1.9010997063e-03 1.7545387160e-04 4.8224974122e-03 5.6662123585e-03 7.2486776643e-05 -5.6322474737e-04 3.9342347814e-04 5.7173359149e-04
-3.1998433525e-16 -1.0131573334e-16 2.4020823350e-17 3.1908775595e-16 1.8483299125e-04 -3.3427158066e-03 -3.9201681814e-03 2.2272982120e-04 -4.0280822645e-03 -4.7239313297e-03 2.0152856245e-04 -3.6446562200e-03 -4.2742686403e-03 -9.9109538564e-18 -2.1311216785e-17 -2.1741675322e-17 3.7303501226e-18 -5.4966472715e-18 -1.7298972753e-18 -5.7185584002e-17 -5.1847851346e-17 -5.0893106877e-17 -4.1234261518e-18 7.3870229584e-19 2.5091823155e-18 1.1412640987e-05 -8.2065170135e-05 -8.1103188031e-05 -7.4850720836e-06 -2.0573350946e-04 -2.4172739853e-04 -3.0923726181e-06 2.4027841591e-05 -1.6783916287e-05 -2.4390839061e-05
-1.9005546461e-16 1.6172646650e-15 -1.8734877256e-16 -5.6265142867e-15 -3.3427158066e-03 6.0453217192e-02 7.0896478255e-02 -4.0280822645e-03 7.2848110963e-02 8.5432583322e-02 -3.6446562200e-03 6.5913827797e-02 7.7300406434e-02 1.7437656671e-16 3.7889317142e-16 3.8651338114e-16 -6.7303686659e-17 9.9483571843e-17 3.0272725718e-17 1.0214650796e-15 9.2462961303e-16 9.0734735363e-16 7.4600816867e-17 -1.3349908144e-17 -4.5472999625e-17 -2.0639830133e-04 1.4841535569e-03 1.4667560524e-03 1.3536798057e-04 3.7207029405e-03 4.3716545976e-03 5.5925745511e-05 -4.3454496594e-04 3.0353813944e-04 4.4110979711e-04
-3.1973765760e-16 1.9986190910e-15 1.6729902430e-16 -6.3468610560e-15 -3.9201681814e-03 7.0896478255e-02 8.3143807105e-02 -4.7239313297e-03 8.5432583322e-02 1.0019101658e-01 -4.2742686403e-03 7.7300406434e-02 9.0654010465e-02 2.0518444128e-16 4.4543459331e-16 4.5440528336e-16 -7.8968965419e-17 1.1665253235e-16 3.5711171904e-17 1.1972916095e-15 1.0864411200e-15 1.0665057022e-15 8.7223058746e-17 -1.5800147994e-17 -5.1276199942e-17 -2.4205349793e-04 1.7405402932e-03 1.7201373791e-03 1.5875272710e-04 4.3634523913e-03 5.1268556003e-03 6.5586888254e-05 -5.0961237730e-04 3.5597419133e-04 5.1731127956e-04
8.3037160779e-04 2.1807917244e-04 6.4921286411e-04 4.2486867372e-04 -9.3525112729e-18 1.6029569615e-16 1.8826476199e-16 -1.0529160346e-17 1.9132694327e-16 2.2399138608e-16 -9.9109538564e-18 1.7437656671e-16 2.0518444128e-16 2.0377868078e-06 3.0360007514e-06 3.1244826070e-06 -9.5734571303e-08 -4.2754027870e-08 5.4267915913e-07 1.0121553936e-06 5.9051007967e-06 6.5008437443e-06 -4.7771784095e-07 -2.5868573241e-07 3.6783551253e-06 -9.3025912172e-19 4.6103515555e-18 4.8891174735e-18 1.2647686931e-19 1.0546081941e-17 1.2626914374e-17 -1.0394744119e-19 -4.1411386776e-19 1.8365153344e-18 1.0707747089e-18
1.1264719817e-03 3.3336640994e-04 1.0169930488e-03 6.6507321179e-04 -1.9949271278e-17 3.4808951893e-16 4.0866565184e-16 -2.2988928070e-17 4.1674035514e-16 4.8807808446e-16 -2.1311216785e-17 3.7889317142e-16 4.4543459331e-16 3.0360007514e-06 4.5432626886e-06 4.6763761667e-06 -1.4452966337e-07 -6.4408136841e-08 8.1634070574e-07 1.2220048505e-06 8.8268630655e-06 9.7533821673e-06 -7.4252331663e-07 -4.0223979175e-07 5.7207639122e-06 -1.7160934267e-18 9.5519485489e-18 9.9656368682e-18 4.5703485771e-19 2.2437828379e-17 2.6745897023e-17 -3.1482236791e-20 -1.3985868914e-18 3.3151066153e-18 2.3841582293e-18
1.1554225758e-03 3.4337873311e-04 1.0483770980e-03 6.8558099059e-04 -2.0356261720e-17 3.5509695364e-16 4.1689758966e-16 -2.3450613494e-17 4.2510580707e-16 4.9786690212e-16 -2.1741675322e-17 3.8651338114e-16 4.5440528336e-16 3.1244826070e-06 4.6763761667e-06 4.8134143093e-06 -1.4880845439e-07 -6.6310186748e-08 8.4040679059e-07 1.2475939652e-06 9.0851365489e-06 1.0040023865e-05 -7.6524318573e-07 -4.1455301315e-07 5.8959247544e-06 -1.7538909713e-18 9.7533270060e-18 1.0181020115e-17 4.6416806252e-19 2.2898678727e-17 2.7299617461e-17 -3.4520524087e-20 -1.4166610323e-18 3.3970325285e-18 2.4304533186e-18
-2.8538882559e-05 -1.1045932462e-05 -3.5208816504e-05 -2.2996110893e-05 3.4348125095e-18 -6.1749012045e-17 -7.2431982948e-17 4.1092941502e-18 -7.4324757570e-17 -8.7138834286e-17 3.7303501226e-18 -6.7303686659e-17 -7.8968965419e-17 -9.5734571303e-08 -1.4452966337e-07 -1.4880845439e-07 4.6773133402e-09 2.0758493710e-09 -2.6235763025e-08 -2.0490466661e-08 -2.8017697908e-07 -3.1185067991e-07 2.5357126783e-08 1.3746205253e-08 -1.9557220195e-07 2.2475202097e-19 -1.5477268252e-18 -1.5480413906e-18 -1.2961198188e-19 -3.8324520893e-18 -4.5169869571e-18 -4.7384219649e-20 4.0881909706e-19 -3.6137968266e-19 -4.4511915588e-19
-1.3501889381e-05 -4.8751364165e-06 -1.5383584589e-05 -1.0050426558e-05 -5.0353334600e-18 9.1232755851e-17 1.0698628426e-16 -6.0814002707e-18 1.0997644732e-16 1.2898567435e-16 -5.4966472715e-18 9.9483571843e-17 1.1665253235e-16 -4.2754027870e-08 -6.4408136841e-08 -6.6310186748e-08 2.0758493710e-09 9.2219009278e-10 -1.1663070501e-08 -1.1106316175e-08 -1.2492476953e-07 -1.3880354444e-07 1.1113634139e-08 6.0237731196e-09 -8.5695392100e-08 -3.0497084345e-19 2.2256244474e-18 2.1914963990e-18 2.0832003742e-19 5.6007982806e-18 6.5746270379e-18 8.8902503626e-20 -6.7141424758e-19 4.3536496001e-19 6.6807333837e-19
1.7796989791e-04 6.1376533993e-05 1.9230135277e-04 1.2566014271e-04 -1.6613220543e-18 2.7878218608e-17 3.2779753119e-17 -1.8254116226e-18 3.3111204067e-17 3.8697963155e-17 -1.7298972753e-18 3.0272725718e-17 3.5711171904e-17 5.4267915913e-07 8.1634070574e-07 8.4040679059e-07 -2.6235763025e-08 -1.1663070501e-08 1.4757375801e-07 1.5800169938e-07 1.5839416831e-06 1.7577862384e-06 -1.3923215354e-07 -7.5457475865e-08 1.0734109721e-06 -1.8042567666e-19 8.6438683323e-19 9.5451660046e-19 9.8489607114e-21 1.8971434792e-18 2.3040266612e-18 -3.2686070105e-20 -2.3267052712e-21 4.2654044293e-19 1.7378948347e-19
1.9890339514e-03 -1.2224234197e-05 -3.8651583347e-04 -2.4605036342e-04 -5.2403267796e-17 9.3643388481e-16 1.0979191438e-15 -6.2020739231e-17 1.1273173041e-15 1.3229668843e-15 -5.7185584002e-17 1.0214650796e-15 1.1972916095e-15 1.0121553936e-06 1.2220048505e-06 1.2475939652e-06 -2.0490466661e-08 -1.1106316175e-08 1.5800169938e-07 4.5768559181e-06 2.5179026296e-06 2.2588663861e-06 2.0145946130e-07 1.1138548608e-07 -1.6003133086e-06 -3.9990430087e-18 2.3317820199e-17 2.2784913593e-17 1.6406558859e-18 5.7967578499e-17 6.7781191454e-17 4.2337172633e-19 -6.4193853396e-18 4.7824863923e-18 6.9044466606e-18
2.2456088147e-03 6.4423244786e-04 1.9535289591e-03 1.2777578605e-03 -4.8331429476e-17 8.4914761616e-16 9.9668613363e-16 -5.6171239113e-17 1.0179552398e-15 1.1925725594e-15 -5.1847851346e-17 9.2462961303e-16 1.0864411200e-15 5.9051007967e-06 8.8268630655e-06 9.0851365489e-06 -2.8017697908e-07 -1.2492476953e-07 1.5839416831e-06 2.5179026296e-06 1.7154105233e-05 1.8936993735e-05 -1.4290354188e-06 -7.7406102757e-07 1.1008360118e-05 -3.9466219086e-18 2.2803775989e-17 2.3544172764e-17 1.2625248523e-18 5.4234471113e-17 6.4451529857e-17 8.6982521334e-20 -3.9592926885e-18 7.2971605822e-18 5.8972245184e-18
2.2736179638e-03 7.2440662784e-04 2.2398948555e-03 1.4642263728e-03 -4.7556428524e-17 8.3348421605e-16 9.7845556955e-16 -5.5124101206e-17 9.9857190254e-16 1.1695779509e-15 -5.0893106877e-17 9.0734735363e-16 1.0665057022e-15 6.5008437443e-06 9.7533821673e-06 1.0040023865e-05 -3.1185067991e-07 -1.3880354444e-07 1.7577862384e-06 2.2588663861e-06 1.8936993735e-05 2.0969634777e-05 -1.6284560382e-06 -8.8236046901e-07 1.2550557461e-05 -3.9217929283e-18 2.2617571715e-17 2.3515319735e-17 1.2059072078e-18 5.3470016271e-17 6.3682885572e-17 4.2017432168e-20 -3.6234525670e-18 7.5789356300e-18 5.7375975611e-18
-2.4881858764e-05 -6.4105381587e-05 -2.2854374260e-04 -1.4882436679e-04 -3.7013831547e-18 6.8271395556e-17 7.9954684341e-17 -4.5522565111e-18 8.2677287056e-17 9.7168800736e-17 -4.1234261518e-18 7.4600816867e-17 8.7223058746e-17 -4.7771784095e-07 -7.4252331663e-07 -7.6524318573e-07 2.5357126783e-08 1.1113634139e-08 -1.3923215354e-07 2.0145946130e-07 -1.4290354188e-06 -1.6284560382e-06 1.5923865093e-07 8.6475334231e-08 -1.2314017011e-06 -2.0917844001e-19 1.5170591856e-18 1.3755011372e-18 1.7067373985e-19 4.0418560217e-18 4.6457901539e-18 8.8083596064e-20 -6.6967958749e-19 5.4439806274e-20 5.3432545596e-19
-1.2585668541e-05 -3.4781157943e-05 -1.2415645943e-04 -8.0846295883e-05 7.2116142320e-19 -1.2325030928e-17 -1.4514278477e-17 8.1964946372e-19 -1.4631241096e-17 -1.7044956867e-17 7.3870229584e-19 -1.3349908144e-17 -1.5800147994e-17 -2.5868573241e-07 -4.0223979175e-07 -4.1455301315e-07 1.3746205253e-08 6.0237731196e-09 -7.5457475865e-08 1.1138548608e-07 -7.7406102757e-07 -8.8236046901e-07 8.6475334231e-08 4.6961765323e-08 -6.6873821360e-07 5.4684133763e-20 -3.8870665670e-19 -4.5141391817e-19 -1.8152063663e-20 -8.4522638342e-19 -1.0492383548e-18 1.9161903940e-21 -8.3318146301e-21 -2.1827215730e-19 -7.0278822348e-20
1.7258367183e-04 4.9505465923e-04 1.7682976228e-03 1.1514343554e-03 1.6798292800e-18 -4.0550341750e-17 -4.6699030413e-17 2.7232443728e-18 -5.2003672056e-17 -6.2610220752e-17 2.5091823155e-18 -4.5472999625e-17 -5.1276199942e-17 3.6783551253e-06 5.7207639122e-06 5.8959247544e-06 -1.9557220195e-07 -8.5695392100e-08 1.0734109721e-06 -1.6003133086e-06 1.1008360118e-05 1.2550557461e-05 -1.2314017011e-06 -6.6873821360e-07 9.5229168677e-06 -3.8304288192e-20 2.2909820491e-19 1.1845811322e-18 -2.2374457209e-19 -1.2634717487e-18 -6.8449655629e-19 -2.2560503097e-19 1.6699261436e-18 2.0218798160e-18 -5.7583168708e-19
-3.9189329159e-16 -2.8145385494e-17 -1.5732619554e-17 5.9060990228e-18 1.0467164287e-05 -1.8929929812e-04 -2.2200065102e-04 1.2613276528e-05 -2.2811186757e-04 -2.6751807117e-04 1.1412640987e-05 -2.0639830133e-04 -2.4205349793e-04 -9.3025912172e-19 -1.7160934267e-18 -1.7538909713e-18 2.2475202097e-19 -3.0497084345e-19 -1.8042567666e-19 -3.9990430087e-18 -3.9466219086e-18 -3.9217929283e-18 -2.0917844001e-19 5.4684133763e-20 -3.8304288192e-20 6.4630230432e-07 -4.6473825492e-06 -4.5929051279e-06 -4.2388254753e-07 -1.1650768774e-05 -1.3689116732e-05 -1.7512226584e-07 1.3607060281e-06 -9.5047971668e-07 -1.3812627163e-06
2.6599860641e-16 1.1025932267e-16 2.1748633170e-16 1.8364976753e-17 -7.5266506587e-05 1.3611993161e-03 1.5963457728e-03 -9.0698610898e-05 1.6402898543e-03 1.9236490528e-03 -8.2065170135e-05 1.4841535569e-03 1.7405402932e-03 4.6103515555e-18 9.5519485489e-18 9.7533270060e-18 -1.5477268252e-18 2.2256244474e-18 8.6438683323e-19 2.3317820199e-17 2.2803775989e-17 2.2617571715e-17 1.5170591856e-18 -3.8870665670e-19 2.2909820491e-19 -4.6473825492e-06 3.3418052843e-05 3.3026320653e-05 3.0480231018e-06 8.3777481718e-05 9.8434682634e-05 1.2592561667e-06 -9.7844637213e-06 6.8346388665e-06 9.9322812258e-06
2.3407888797e-16 1.5715426253e-16 3.9490211894e-16 1.3520596715e-16 -7.4384219591e-05 1.3452431025e-03 1.5776331318e-03 -8.9635426109e-05 1.6210620932e-03 1.9010997063e-03 -8.1103188031e-05 1.4667560524e-03 1.7201373791e-03 4.8891174735e-18 9.9656368682e-18 1.0181020115e-17 -1.5480413906e-18 2.1914963990e-18 9.5451660046e-19 2.2784913593e-17 2.3544172764e-17 2.3515319735e-17 1.3755011372e-18 -4.5141391817e-19 1.1845811322e-18 -4.5929051279e-06 3.3026320653e-05 3.2639180416e-05 3.0122936483e-06 8.2795427602e-05 9.7280814276e-05 1.2444949483e-06 -9.6697685469e-06 6.7545220488e-06 9.8158533090e-06
-2.2716003805e-16 -1.1347063135e-17 -1.4653981189e-17 -2.1472874241e-17 -6.8649736101e-06 1.2415346224e-04 1.4560090669e-04 -8.2725185281e-06 1.4960899706e-04 1.7545387160e-04 -7.4850720836e-06 1.3536798057e-04 1.5875272710e-04 1.2647686931e-19 4.5703485771e-19 4.6416806252e-19 -1.2961198188e-19 2.0832003742e-19 9.8489607114e-21 1.6406558859e-18 1.2625248523e-18 1.2059072078e-18 1.7067373985e-19 -1.8152063663e-20 -2.2374457209e-19 -4.2388254753e-07 3.0480231018e-06 3.0122936483e-06 2.7800676696e-07 7.6412501017e-06 8.9781169506e-06 1.1485534196e-07 -8.9242995699e-07 6.2337974194e-07 9.0591222570e-07
2.5974735856e-16 1.6772995399e-16 2.2051846215e-16 -1.6643882916e-16 -1.8868958073e-04 3.4124624602e-03 4.0019635323e-03 -2.2737713810e-04 4.1121292713e-03 4.8224974122e-03 -2.0573350946e-04 3.7207029405e-03 4.3634523913e-03 1.0546081941e-17 2.2437828379e-17 2.2898678727e-17 -3.8324520893e-18 5.6007982806e-18 1.8971434792e-18 5.7967578499e-17 5.4234471113e-17 5.3470016271e-17 4.0418560217e-18 -8.4522638342e-19 -1.2634717487e-18 -1.1650768774e-05 8.3777481718e-05 8.2795427602e-05 7.6412501017e-06 2.1002619381e-04 2.4677110494e-04 3.1568957945e-06 -2.4529188891e-05 1.7134117161e-05 2.4899760400e-05
