N 5
1.0555555828e+00 -2.4216111481e-01 -2.7138919313e-17 0.0000000000e+00 0.0000000000e+00
-2.4216111481e-01 1.0555555828e+00 7.7248368841e-17 0.0000000000e+00 0.0000000000e+00
-2.7138919313e-17 7.7248368841e-17 1.0000000000e+00 0.0000000000e+00 0.0000000000e+00
0.0000000000e+00 0.0000000000e+00 0.0000000000e+00 1.0000000000e+00 0.0000000000e+00
0.0000000000e+00 0.0000000000e+00 0.0000000000e+00 0.0000000000e+00 0.0000000000e+00
1.0555555828e+00 -2.4216111481e-01 -2.7138919313e-17 0.0000000000e+00 0.0000000000e+00
-2.4216111481e-01 1.0555555828e+00 7.7248368841e-17 0.0000000000e+00 0.0000000000e+00
-2.7138919313e-17 7.7248368841e-17 1.0000000000e+00 0.0000000000e+00 0.0000000000e+00
0.0000000000e+00 0.0000000000e+00 0.0000000000e+00 0.0000000000e+00 0.0000000000e+00
0.0000000000e+00 0.0000000000e+00 0.0000000000e+00 0.0000000000e+00 0.0000000000e+00
Zr 29
1.2432733104e+00 -6.0810389753e-01 4.4146574417e-15 -4.0750151105e-16 1.4685965268e-15 -6.0478944675e+00 -5.9877904353e-15 -1.9136118516e-16 -5.5087940586e-16 -3.6722809609e-02 3.8466989774e-15 7.2112724293e-17 1.8298766876e-16 9.0772584372e-02 -1.6997298659e-15 -1.3688076551e-16 -7.2475712837e-16 1.7712399934e+00 1.7707453955e+00 1.7712399952e+00 7.8055908977e-18 4.2958354891e-18 -3.1658713787e-18 -2.8533801705e-02 -2.4357765471e-02 -2.8533808061e-02 -6.2472908879e-17 -3.1656960403e-17 3.1392834655e-17
-6.0810389753e-01 1.5259480502e+00 -6.7917227521e-15 4.4099364020e-16 -1.4157145324e-15 1.6983283915e+01 1.2025729941e-14 3.2994727814e-16 8.2878789249e-16 1.1964437775e-01 -1.1193920271e-14 -3.9325300180e-16 -3.9644797500e-16 -2.4571349505e-01 4.7951543191e-15 2.2836882277e-16 2.2311148697e-15 -4.9796625861e+00 -4.9782396250e+00 -4.9796625920e+00 -2.2459061321e-17 -1.2388366453e-17 9.0909940084e-18 7.5747034859e-02 6.3739915754e-02 7.5747060029e-02 1.7951330908e-16 9.1012969814e-17 -9.0373722385e-17
4.4146574417e-15 -6.7917227521e-15 1.2331633988e+00 -4.7987420868e-16 -4.1201709469e-16 -1.3144977456e-11 -5.5737566396e-01 3.5034032678e-16 -2.0142040830e-16 -9.5261842469e-15 1.2476068439e-01 1.2079269856e-15 6.0585209688e-16 -2.0192206455e-15 2.3896518373e-02 -2.5650918965e-15 -1.0540666146e-15 3.7095825738e-12 3.7094940308e-12 3.7094991898e-12 -1.8028543832e-16 -2.5188111190e-16 -2.2926247739e-17 1.7374009476e-15 2.2331285501e-15 3.2238273089e-15 1.2457497586e-16 -2.7561345302e-16 -1.4446279941e-16
-4.0750151105e-16 4.4099364020e-16 -4.7987420868e-16 1.2332367375e+00 -1.0227942863e-15 1.7637626967e-12 -2.2087579326e-16 -5.5757603102e-01 9.4456566173e-16 5.9835589570e-15 1.3518720948e-15 1.2534505276e-01 -6.3213621142e-16 1.3815720534e-14 -1.1720766033e-15 2.3422460715e-02 -1.5283558254e-16 -4.9782668016e-13 -4.9795126729e-13 -4.9765324949e-13 2.6009013913e-16 2.7794207182e-16 1.1106921000e-16 -4.2948624277e-15 -4.1388300747e-15 -5.1121308994e-15 3.4128339485e-16 3.9233684505e-16 -3.7682240229e-16
1.4685965268e-15 -1.4157145324e-15 -4.1201709469e-16 -1.0227942863e-15 1.2331634057e+00 -6.3119347177e-12 -3.3408473877e-16 1.4262710031e-15 -5.5737568203e-01 2.7050665595e-15 1.2873058817e-15 -8.2892934634e-16 1.2476072733e-01 1.2405916574e-14 5.4903540069e-17 1.4539840025e-15 2.3896473236e-02 1.7805383324e-12 1.7806797861e-12 1.7809886575e-12 2.0116693805e-16 -1.8732128364e-16 -8.8179952999e-17 -3.9213020144e-15 -3.8668667325e-15 -3.9815706775e-15 3.8264697777e-16 6.9999358865e-16 4.9966945067e-16
-6.0478944675e+00 1.6983283915e+01 -1.3144977456e-11 1.7637626967e-12 -6.3119347177e-12 1.8980923148e+02 1.1248486426e-11 5.1897390078e-13 1.2925446777e-12 1.6414781886e+00 -5.4464302634e-14 5.9905463010e-15 1.1173631622e-14 -2.9963684102e+00 -1.7070878114e-13 -6.6204647285e-15 3.5101513313e-15 -5.5801932651e+01 -5.5782193854e+01 -5.5801932596e+01 -3.2188890702e-16 -1.6359960367e-16 1.3027027879e-16 8.8461861001e-01 7.1962824395e-01 8.8461759541e-01 2.5286920973e-15 1.2746462116e-15 -1.1399396451e-15
-5.9877904353e-15 1.2025729941e-14 -5.5737566396e-01 -2.2087579326e-16 -3.3408473877e-16 1.1248486426e-11 1.3343828007e+00 5.0846072082e-16 9.0711839360e-16 2.6745470599e-14 -3.4125188412e-01 -2.6638463586e-15 -2.4045741973e-15 2.3257094090e-14 -6.1504958430e-02 4.3449236894e-15 2.4916292983e-15 -3.1764872131e-12 -3.1763443269e-12 -3.1756262735e-12 2.9965333362e-17 4.2637467676e-17 -6.6639102263e-17 -1.0907919084e-14 -1.2851758835e-14 -1.5430799775e-14 -7.3818924086e-16 3.8253700318e-16 2.4895107716e-16
-1.9136118516e-16 3.2994727814e-16 3.5034032678e-16 -5.5757603102e-01 1.4262710031e-15 5.1897390078e-13 5.0846072082e-16 1.3349302149e+00 -1.0363808637e-15 -2.7556597080e-15 -2.3371771670e-15 -3.4284837629e-01 1.6042948271e-15 -1.0431121173e-14 1.5695549499e-15 -6.0205436787e-02 -2.2451798220e-16 -1.4634564369e-13 -1.4648056494e-13 -1.4628862791e-13 2.9936965996e-16 2.5319526969e-16 -9.1788446890e-17 2.0847928107e-15 2.1826798181e-15 4.3592863790e-15 -1.0533068556e-15 -1.0407954394e-15 8.7875052896e-16
-5.5087940586e-16 8.2878789249e-16 -2.0142040830e-16 9.4456566173e-16 -5.5737568203e-01 1.2925446777e-12 9.0711839360e-16 -1.0363808637e-15 1.3343828484e+00 -6.3003814286e-15 -2.5850656809e-15 1.5839286994e-15 -3.4125199662e-01 -2.4299644387e-14 7.5803028144e-16 -2.8712163356e-15 -6.1504843256e-02 -3.6471485985e-13 -3.6498456092e-13 -3.6415445971e-13 9.1747422625e-17 7.3149601975e-16 3.8420777610e-16 6.1968531321e-15 6.5407231120e-15 8.0526361519e-15 -6.4621639938e-16 -1.5697906930e-15 -1.4907728278e-15
-3.6722809609e-02 1.1964437775e-01 -9.5261842469e-15 5.9835589570e-15 2.7050665595e-15 1.6414781886e+00 2.6745470599e-14 -2.7556597080e-15 -6.3003814286e-15 1.4290674620e+00 -6.9552173121e-14 -5.0945569336e-15 9.3097238134e-15 -1.9656041165e-01 9.3392815867e-15 1.1532060563e-15 4.9956439677e-15 -5.7955370468e-01 -5.7333430177e-01 -5.7955403714e-01 -9.9706044931e-17 -6.2183209982e-17 3.7980625893e-17 -2.4573612989e-02 -7.3801532420e-02 -2.4570968030e-02 6.9103357067e-16 3.5380425074e-16 -4.3677923470e-16
3.8466989774e-15 -1.1193920271e-14 1.2476068439e-01 1.3518720948e-15 1.2873058817e-15 -5.4464302634e-14 -3.4125188412e-01 -2.3371771670e-15 -2.5850656809e-15 -6.9552173121e-14 1.0013554554e+00 5.4933067924e-15 5.9465074306e-15 -7.7542136387e-14 1.0299075583e-01 -6.9026776067e-15 -5.2185203246e-15 2.1173947309e-14 2.0377980443e-14 2.0122893264e-14 -5.3508648234e-16 -2.3856697761e-16 2.9235052926e-16 3.4616870424e-14 4.1983591018e-14 4.6778450858e-14 2.1847558675e-15 -1.1504006711e-15 -6.8611648334e-16
7.2112724293e-17 -3.9325300180e-16 1.2079269856e-15 1.2534505276e-01 -8.2892934634e-16 5.9905463010e-15 -2.6638463586e-15 -3.4284837629e-01 1.5839286994e-15 -5.0945569336e-15 5.4933067924e-15 1.0060112505e+00 -3.5400813234e-15 -1.4168135237e-15 -2.1370092330e-15 9.9169306177e-02 4.2930626449e-16 -1.7872630162e-15 -1.6723601808e-15 -9.2704888593e-16 -1.0842604690e-16 -2.3982912051e-16 -2.4862720397e-16 5.4033214618e-15 5.0619539114e-15 -1.9944424629e-15 2.7225705181e-15 2.8240669496e-15 -2.0203747580e-15
1.8298766876e-16 -3.9644797500e-16 6.0585209688e-16 -6.3213621142e-16 1.2476072733e-01 1.1173631622e-14 -2.4045741973e-15 1.6042948271e-15 -3.4125199662e-01 9.3097238134e-15 5.9465074306e-15 -3.5400813234e-15 1.0013557073e+00 4.8484361408e-14 -3.6529174923e-15 5.5284262443e-15 1.0299055053e-01 -3.0974544996e-15 -2.9413754201e-15 -3.1224558567e-15 4.9608535937e-16 -6.7008036979e-16 -9.2631321032e-16 -1.0800045361e-14 -1.1156943186e-14 -1.4205612494e-14 1.5359168266e-15 4.2783064678e-15 4.6737599861e-15
9.0772584372e-02 -2.4571349505e-01 -2.0192206455e-15 1.3815720534e-14 1.2405916574e-14 -2.9963684102e+00 2.3257094090e-14 -1.0431121173e-14 -2.4299644387e-14 -1.9656041165e-01 -7.7542136387e-14 -1.4168135237e-15 4.8484361408e-14 2.8428732293e+00 -9.5021080230e-14 -1.9899347887e-14 -3.9699755257e-14 9.4350001823e-01 9.0769900345e-01 9.4349779364e-01 6.5123344530e-16 2.8519546911e-16 -7.8580406457e-17 -4.8213359777e-01 -1.5482994217e-01 -4.8211459189e-01 -6.1084998404e-15 -2.9466478331e-15 5.0569328402e-16
-1.6997298659e-15 4.7951543191e-15 2.3896518373e-02 -1.1720766033e-15 5.4903540069e-17 -1.7070878114e-13 -6.1504958430e-02 1.5695549499e-15 7.5803028144e-16 9.3392815867e-15 1.0299075583e-01 -2.1370092330e-15 -3.6529174923e-15 -9.5021080230e-14 1.1165215107e-02 -1.0400651556e-15 -9.8230995306e-16 4.4320525711e-14 4.7009540350e-14 4.6852253614e-14 3.6394795651e-16 2.3455076304e-16 -1.7410058798e-16 2.8783815946e-14 8.2681702196e-15 8.0374847016e-15 2.4371727202e-16 -1.0627666310e-16 -8.0257554738e-17
-1.3688076551e-16 2.2836882277e-16 -2.5650918965e-15 2.3422460715e-02 1.4539840025e-15 -6.6204647285e-15 4.3449236894e-15 -6.0205436787e-02 -2.8712163356e-15 1.1532060563e-15 -6.9026776067e-15 9.9169306177e-02 5.5284262443e-15 -1.9899347887e-14 -1.0400651556e-15 1.0348342624e-02 6.7176026364e-16 2.4341238938e-15 1.9047815404e-15 1.1358442071e-15 -7.5145014243e-17 -6.7472128670e-17 9.4579411749e-16 -3.2118191961e-15 1.3898261135e-15 1.0019418158e-14 2.6840313787e-16 2.7825021775e-16 -1.5878729170e-16
-7.2475712837e-16 2.2311148697e-15 -1.0540666146e-15 -1.5283558254e-16 2.3896473236e-02 3.5101513313e-15 2.4916292983e-15 -2.2451798220e-16 -6.1504843256e-02 4.9956439677e-15 -5.2185203246e-15 4.2930626449e-16 1.0299055053e-01 -3.9699755257e-14 -9.8230995306e-16 6.7176026364e-16 1.1165168132e-02 -2.0253782217e-15 -1.7318989124e-15 -3.0384518534e-15 -3.7723074596e-16 3.2044002490e-16 5.1862055551e-16 3.7063037998e-15 1.1333232124e-15 8.6571822216e-15 1.4116503477e-16 4.6076919681e-16 5.0682460749e-16
1.7712399934e+00 -4.9796625861e+00 3.7095825738e-12 -4.9782668016e-13 1.7805383324e-12 -5.5801932651e+01 -3.1764872131e-12 -1.4634564369e-13 -3.6471485985e-13 -5.7955370468e-01 2.1173947309e-14 -1.7872630162e-15 -3.0974544996e-15 9.4350001823e-01 4.4320525711e-14 2.4341238938e-15 -2.0253782217e-15 1.6888264518e+01 1.6285974370e+01 1.6288690689e+01 2.5019521471e-16 -2.4870965577e-17 -2.8026865583e-16 -2.8797740453e-01 -2.2637198280e-01 -2.4743372337e-01 -2.3634741678e-15 3.5478357224e-16 1.4176084099e-15
1.7707453955e+00 -4.9782396250e+00 3.7094940308e-12 -4.9795126729e-13 1.7806797861e-12 -5.5782193854e+01 -3.1763443269e-12 -1.4648056494e-13 -3.6498456092e-13 -5.7333430177e-01 2.0377980443e-14 -1.6723601808e-15 -2.9413754201e-15 9.0769900345e-01 4.7009540350e-14 1.9047815404e-15 -1.7318989124e-15 1.6285974370e+01 1.6871790153e+01 1.6285974125e+01 9.8468303831e-17 4.9958787938e-17 -4.0577203862e-17 -2.7575137123e-01 -1.9784375027e-01 -2.7574904824e-01 -7.6798626148e-16 -3.8412192705e-16 3.6501877087e-16
1.7712399952e+00 -4.9796625920e+00 3.7094991898e-12 -4.9765324949e-13 1.7809886575e-12 -5.5801932596e+01 -3.1756262735e-12 -1.4628862791e-13 -3.6415445971e-13 -5.7955403714e-01 2.0122893264e-14 -9.2704888593e-16 -3.1224558567e-15 9.4349779364e-01 4.6852253614e-14 1.1358442071e-15 -3.0384518534e-15 1.6288690689e+01 1.6285974125e+01 1.6888264730e+01 -3.6846747681e-17 1.3515799311e-16 1.9506219654e-16 -2.4743344857e-01 -2.2636937839e-01 -2.8797866268e-01 6.7738269856e-16 -1.2085898786e-15 -6.6249794853e-16
7.8055908977e-18 -2.2459061321e-17 -1.8028543832e-16 2.6009013913e-16 2.0116693805e-16 -3.2188890702e-16 2.9965333362e-17 2.9936965996e-16 9.1747422625e-17 -9.9706044931e-17 -5.3508648234e-16 -1.0842604690e-16 4.9608535937e-16 6.5123344530e-16 3.6394795651e-16 -7.5145014243e-17 -3.7723074596e-16 2.5019521471e-16 9.8468303831e-17 -3.6846747681e-17 1.1837825909e+00 -8.2353180748e-16 2.1691656857e-16 -1.5845187685e-15 -1.9471573349e-17 1.3890098999e-15 5.4498048008e-02 -1.1996614890e-15 -3.8507498436e-16
4.2958354891e-18 -1.2388366453e-17 -2.5188111190e-16 2.7794207182e-16 -1.8732128364e-16 -1.6359960367e-16 4.2637467676e-17 2.5319526969e-16 7.3149601975e-16 -6.2183209982e-17 -2.3856697761e-16 -2.3982912051e-16 -6.7008036979e-16 2.8519546911e-16 2.3455076304e-16 -6.7472128670e-17 3.2044002490e-16 -2.4870965577e-17 4.9958787938e-17 1.3515799311e-16 -8.2353180748e-16 1.1838484070e+00 1.7625716635e-16 7.7278218989e-16 3.5376627693e-18 -8.4994335947e-16 2.4828773839e-15 5.4208811985e-02 -1.7015465312e-16
-3.1658713787e-18 9.0909940084e-18 -2.2926247739e-17 1.1106921000e-16 -8.8179952999e-17 1.3027027879e-16 -6.6639102263e-17 -9.1788446890e-17 3.8420777610e-16 3.7980625893e-17 2.9235052926e-16 -2.4862720397e-16 -9.2631321032e-16 -7.8580406457e-17 -1.7410058798e-16 9.4579411749e-16 5.1862055551e-16 -2.8026865583e-16 -4.0577203862e-17 1.9506219654e-16 2.1691656857e-16 1.7625716635e-16 1.1837825973e+00 1.0520897504e-15 5.4134084758e-18 -1.0158325825e-15 -5.3666578901e-16 -4.7258008775e-16 5.4498019939e-02
-2.8533801705e-02 7.5747034859e-02 1.7374009476e-15 -4.2948624277e-15 -3.9213020144e-15 8.8461861001e-01 -1.0907919084e-14 2.0847928107e-15 6.1968531321e-15 -2.4573612989e-02 3.4616870424e-14 5.4033214618e-15 -1.0800045361e-14 -4.8213359777e-01 2.8783815946e-14 -3.2118191961e-15 3.7063037998e-15 -2.8797740453e-01 -2.7575137123e-01 -2.4743344857e-01 -1.5845187685e-15 7.7278218989e-16 1.0520897504e-15 3.8559449819e-01 3.1457624270e-02 -2.1397489135e-01 1.3821387039e-14 -6.2468429856e-15 -8.6562959262e-15
-2.4357765471e-02 6.3739915754e-02 2.2331285501e-15 -4.1388300747e-15 -3.8668667325e-15 7.1962824395e-01 -1.2851758835e-14 2.1826798181e-15 6.5407231120e-15 -7.3801532420e-02 4.1983591018e-14 5.0619539114e-15 -1.1156943186e-14 -1.5482994217e-01 8.2681702196e-15 1.3898261135e-15 1.1333232124e-15 -2.2637198280e-01 -1.9784375027e-01 -2.2636937839e-01 -1.9471573349e-17 3.5376627693e-18 5.4134084758e-18 3.1457624270e-02 1.7461556192e-02 3.1434914640e-02 2.9691383980e-16 1.4240316798e-16 -4.9568036729e-18
-2.8533808061e-02 7.5747060029e-02 3.2238273089e-15 -5.1121308994e-15 -3.9815706775e-15 8.8461759541e-01 -1.5430799775e-14 4.3592863790e-15 8.0526361519e-15 -2.4570968030e-02 4.6778450858e-14 -1.9944424629e-15 -1.4205612494e-14 -4.8211459189e-01 8.0374847016e-15 1.0019418158e-14 8.6571822216e-15 -2.4743372337e-01 -2.7574904824e-01 -2.8797866268e-01 1.3890098999e-15 -8.4994335947e-16 -1.0158325825e-15 -2.1397489135e-01 3.1434914640e-02 3.8560358868e-01 -1.1798859193e-14 7.2214785175e-15 8.5171428578e-15
-6.2472908879e-17 1.7951330908e-16 1.2457497586e-16 3.4128339485e-16 3.8264697777e-16 2.5286920973e-15 -7.3818924086e-16 -1.0533068556e-15 -6.4621639938e-16 6.9103357067e-16 2.1847558675e-15 2.7225705181e-15 1.5359168266e-15 -6.1084998404e-15 2.4371727202e-16 2.6840313787e-16 1.4116503477e-16 -2.3634741678e-15 -7.6798626148e-16 6.7738269856e-16 5.4498048008e-02 2.4828773839e-15 -5.3666578901e-16 1.3821387039e-14 2.9691383980e-16 -1.1798859193e-14 2.5089380934e-03 6.0198766132e-17 -4.2894099005e-17
-3.1656960403e-17 9.1012969814e-17 -2.7561345302e-16 3.9233684505e-16 6.9999358865e-16 1.2746462116e-15 3.8253700318e-16 -1.0407954394e-15 -1.5697906930e-15 3.5380425074e-16 -1.1504006711e-15 2.8240669496e-15 4.2783064678e-15 -2.9466478331e-15 -1.0627666310e-16 2.7825021775e-16 4.6076919681e-16 3.5478357224e-16 -3.8412192705e-16 -1.2085898786e-15 -1.1996614890e-15 5.4208811985e-02 -4.7258008775e-16 -6.2468429856e-15 1.4240316798e-16 7.2214785175e-15 6.0198766132e-17 2.4822395160e-03 -2.9919255982e-17
3.1392834655e-17 -9.0373722385e-17 -1.4446279941e-16 -3.7682240229e-16 4.9966945067e-16 -1.1399396451e-15 2.4895107716e-16 8.7875052896e-16 -1.4907728278e-15 -4.3677923470e-16 -6.8611648334e-16 -2.0203747580e-15 4.6737599861e-15 5.0569328402e-16 -8.0257554738e-17 -1.5878729170e-16 5.0682460749e-16 1.4176084099e-15 3.6501877087e-16 -6.6249794853e-16 -3.8507498436e-16 -1.7015465312e-16 5.4498019939e-02 -8.6562959262e-15 -4.9568036729e-18 8.5171428578e-15 -4.2894099005e-17 -2.9919255982e-17 2.5089354953e-03
1.2432733104e+00 -6.0810389753e-01 4.4146574417e-15 -4.0750151105e-16 1.4685965268e-15 -6.0478944675e+00 -5.9877904353e-15 -1.9136118516e-16 -5.5087940586e-16 -3.6722809609e-02 3.8466989774e-15 7.2112724293e-17 1.8298766876e-16 9.0772584372e-02 -1.6997298659e-15 -1.3688076551e-16 -7.2475712837e-16 1.7712399934e+00 1.7707453955e+00 1.7712399952e+00 7.8055908977e-18 4.2958354891e-18 -3.1658713787e-18 -2.8533801705e-02 -2.4357765471e-02 -2.8533808061e-02 -6.2472908879e-17 -3.1656960403e-17 3.1392834655e-17
-6.0810389753e-01 1.5259480502e+00 -6.7917227521e-15 4.4099364020e-16 -1.4157145324e-15 1.6983283915e+01 1.2025729941e-14 3.2994727814e-16 8.2878789249e-16 1.1964437775e-01 -1.1193920271e-14 -3.9325300180e-16 -3.9644797500e-16 -2.4571349505e-01 4.7951543191e-15 2.2836882277e-16 2.2311148697e-15 -4.9796625861e+00 -4.9782396250e+00 -4.9796625920e+00 -2.2459061321e-17 -1.2388366453e-17 9.0909940084e-18 7.5747034859e-02 6.3739915754e-02 7.5747060029e-02 1.7951330908e-16 9.1012969814e-17 -9.0373722385e-17
4.4146574417e-15 -6.7917227521e-15 1.2331633988e+00 -4.7987420868e-16 -4.1201709469e-16 -1.3144977456e-11 -5.5737566396e-01 3.5034032678e-16 -2.0142040830e-16 -9.5261842469e-15 1.2476068439e-01 1.2079269856e-15 6.0585209688e-16 -2.0192206455e-15 2.3896518373e-02 -2.5650918965e-15 -1.0540666146e-15 3.7095825738e-12 3.7094940308e-12 3.7094991898e-12 -1.8028543832e-16 -2.5188111190e-16 -2.2926247739e-17 1.7374009476e-15 2.2331285501e-15 3.2238273089e-15 1.2457497586e-16 -2.7561345302e-16 -1.4446279941e-16
-4.0750151105e-16 4.4099364020e-16 -4.7987420868e-16 1.2332367375e+00 -1.0227942863e-15 1.7637626967e-12 -2.2087579326e-16 -5.5757603102e-01 9.4456566173e-16 5.9835589570e-15 1.3518720948e-15 1.2534505276e-01 -6.3213621142e-16 1.3815720534e-14 -1.1720766033e-15 2.3422460715e-02 -1.5283558254e-16 -4.9782668016e-13 -4.9795126729e-13 -4.9765324949e-13 2.6009013913e-16 2.7794207182e-16 1.1106921000e-16 -4.2948624277e-15 -4.1388300747e-15 -5.1121308994e-15 3.4128339485e-16 3.9233684505e-16 -3.7682240229e-16
1.4685965268e-15 -1.4157145324e-15 -4.1201709469e-16 -1.0227942863e-15 1.2331634057e+00 -6.3119347177e-12 -3.3408473877e-16 1.4262710031e-15 -5.5737568203e-01 2.7050665595e-15 1.2873058817e-15 -8.2892934634e-16 1.2476072733e-01 1.2405916574e-14 5.4903540069e-17 1.4539840025e-15 2.3896473236e-02 1.7805383324e-12 1.7806797861e-12 1.7809886575e-12 2.0116693805e-16 -1.8732128364e-16 -8.8179952999e-17 -3.9213020144e-15 -3.8668667325e-15 -3.9815706775e-15 3.8264697777e-16 6.9999358865e-16 4.9966945067e-16
-6.0478944675e+00 1.6983283915e+01 -1.3144977456e-11 1.7637626967e-12 -6.3119347177e-12 1.8980923148e+02 1.1248486426e-11 5.1897390078e-13 1.2925446777e-12 1.6414781886e+00 -5.4464302634e-14 5.9905463010e-15 1.1173631622e-14 -2.9963684102e+00 -1.7070878114e-13 -6.6204647285e-15 3.5101513313e-15 -5.5801932651e+01 -5.5782193854e+01 -5.5801932596e+01 -3.2188890702e-16 -1.6359960367e-16 1.3027027879e-16 8.8461861001e-01 7.1962824395e-01 8.8461759541e-01 2.5286920973e-15 1.2746462116e-15 -1.1399396451e-15
-5.9877904353e-15 1.2025729941e-14 -5.5737566396e-01 -2.2087579326e-16 -3.3408473877e-16 1.1248486426e-11 1.3343828007e+00 5.0846072082e-16 9.0711839360e-16 2.6745470599e-14 -3.4125188412e-01 -2.6638463586e-15 -2.4045741973e-15 2.3257094090e-14 -6.1504958430e-02 4.3449236894e-15 2.4916292983e-15 -3.1764872131e-12 -3.1763443269e-12 -3.1756262735e-12 2.9965333362e-17 4.2637467676e-17 -6.6639102263e-17 -1.0907919084e-14 -1.2851758835e-14 -1.5430799775e-14 -7.3818924086e-16 3.8253700318e-16 2.4895107716e-16
-1.9136118516e-16 3.2994727814e-16 3.5034032678e-16 -5.5757603102e-01 1.4262710031e-15 5.1897390078e-13 5.0846072082e-16 1.3349302149e+00 -1.0363808637e-15 -2.7556597080e-15 -2.3371771670e-15 -3.4284837629e-01 1.6042948271e-15 -1.0431121173e-14 1.5695549499e-15 -6.0205436787e-02 -2.2451798220e-16 -1.4634564369e-13 -1.4648056494e-13 -1.4628862791e-13 2.9936965996e-16 2.5319526969e-16 -9.1788446890e-17 2.0847928107e-15 2.1826798181e-15 4.3592863790e-15 -1.0533068556e-15 -1.0407954394e-15 8.7875052896e-16
-5.5087940586e-16 8.2878789249e-16 -2.0142040830e-16 9.4456566173e-16 -5.5737568203e-01 1.2925446777e-12 9.0711839360e-16 -1.0363808637e-15 1.3343828484e+00 -6.3003814286e-15 -2.5850656809e-15 1.5839286994e-15 -3.4125199662e-01 -2.4299644387e-14 7.5803028144e-16 -2.8712163356e-15 -6.1504843256e-02 -3.6471485985e-13 -3.6498456092e-13 -3.6415445971e-13 9.1747422625e-17 7.3149601975e-16 3.8420777610e-16 6.1968531321e-15 6.5407231120e-15 8.0526361519e-15 -6.4621639938e-16 -1.5697906930e-15 -1.4907728278e-15
-3.6722809609e-02 1.1964437775e-01 -9.5261842469e-15 5.9835589570e-15 2.7050665595e-15 1.6414781886e+00 2.6745470599e-14 -2.7556597080e-15 -6.3003814286e-15 1.4290674620e+00 -6.9552173121e-14 -5.0945569336e-15 9.3097238134e-15 -1.9656041165e-01 9.3392815867e-15 1.1532060563e-15 4.9956439677e-15 -5.7955370468e-01 -5.7333430177e-01 -5.7955403714e-01 -9.9706044931e-17 -6.2183209982e-17 3.7980625893e-17 -2.4573612989e-02 -7.3801532420e-02 -2.4570968030e-02 6.9103357067e-16 3.5380425074e-16 -4.3677923470e-16
3.8466989774e-15 -1.1193920271e-14 1.2476068439e-01 1.3518720948e-15 1.2873058817e-15 -5.4464302634e-14 -3.4125188412e-01 -2.3371771670e-15 -2.5850656809e-15 -6.9552173121e-14 1.0013554554e+00 5.4933067924e-15 5.9465074306e-15 -7.7542136387e-14 1.0299075583e-01 -6.9026776067e-15 -5.2185203246e-15 2.1173947309e-14 2.0377980443e-14 2.0122893264e-14 -5.3508648234e-16 -2.3856697761e-16 2.9235052926e-16 3.4616870424e-14 4.1983591018e-14 4.6778450858e-14 2.1847558675e-15 -1.1504006711e-15 -6.8611648334e-16
7.2112724293e-17 -3.9325300180e-16 1.2079269856e-15 1.2534505276e-01 -8.2892934634e-16 5.9905463010e-15 -2.6638463586e-15 -3.4284837629e-01 1.5839286994e-15 -5.0945569336e-15 5.4933067924e-15 1.0060112505e+00 -3.5400813234e-15 -1.4168135237e-15 -2.1370092330e-15 9.9169306177e-02 4.2930626449e-16 -1.7872630162e-15 -1.6723601808e-15 -9.2704888593e-16 -1.0842604690e-16 -2.3982912051e-16 -2.4862720397e-16 5.4033214618e-15 5.0619539114e-15 -1.9944424629e-15 2.7225705181e-15 2.8240669496e-15 -2.0203747580e-15
1.8298766876e-16 -3.9644797500e-16 6.0585209688e-16 -6.3213621142e-16 1.2476072733e-01 1.1173631622e-14 -2.4045741973e-15 1.6042948271e-15 -3.4125199662e-01 9.3097238134e-15 5.9465074306e-15 -3.5400813234e-15 1.0013557073e+00 4.8484361408e-14 -3.6529174923e-15 5.5284262443e-15 1.0299055053e-01 -3.0974544996e-15 -2.9413754201e-15 -3.1224558567e-15 4.9608535937e-16 -6.7008036979e-16 -9.2631321032e-16 -1.0800045361e-14 -1.1156943186e-14 -1.4205612494e-14 1.5359168266e-15 4.2783064678e-15 4.6737599861e-15
9.0772584372e-02 -2.4571349505e-01 -2.0192206455e-15 1.3815720534e-14 1.2405916574e-14 -2.9963684102e+00 2.3257094090e-14 -1.0431121173e-14 -2.4299644387e-14 -1.9656041165e-01 -7.7542136387e-14 -1.4168135237e-15 4.8484361408e-14 2.8428732293e+00 -9.5021080230e-14 -1.9899347887e-14 -3.9699755257e-14 9.4350001823e-01 9.0769900345e-01 9.4349779364e-01 6.5123344530e-16 2.8519546911e-16 -7.8580406457e-17 -4.8213359777e-01 -1.5482994217e-01 -4.8211459189e-01 -6.1084998404e-15 -2.9466478331e-15 5.0569328402e-16
-1.6997298659e-15 4.7951543191e-15 2.3896518373e-02 -1.1720766033e-15 5.4903540069e-17 -1.7070878114e-13 -6.1504958430e-02 1.5695549499e-15 7.5803028144e-16 9.3392815867e-15 1.0299075583e-01 -2.1370092330e-15 -3.6529174923e-15 -9.5021080230e-14 1.1165215107e-02 -1.0400651556e-15 -9.8230995306e-16 4.4320525711e-14 4.7009540350e-14 4.6852253614e-14 3.6394795651e-16 2.3455076304e-16 -1.7410058798e-16 2.8783815946e-14 8.2681702196e-15 8.0374847016e-15 2.4371727202e-16 -1.0627666310e-16 -8.0257554738e-17
-1.3688076551e-16 2.2836882277e-16 -2.5650918965e-15 2.3422460715e-02 1.4539840025e-15 -6.6204647285e-15 4.3449236894e-15 -6.0205436787e-02 -2.8712163356e-15 1.1532060563e-15 -6.9026776067e-15 9.9169306177e-02 5.5284262443e-15 -1.9899347887e-14 -1.0400651556e-15 1.0348342624e-02 6.7176026364e-16 2.4341238938e-15 1.9047815404e-15 1.1358442071e-15 -7.5145014243e-17 -6.7472128670e-17 9.4579411749e-16 -3.2118191961e-15 1.3898261135e-15 1.0019418158e-14 2.6840313787e-16 2.7825021775e-16 -1.5878729170e-16
-7.2475712837e-16 2.2311148697e-15 -1.0540666146e-15 -1.5283558254e-16 2.3896473236e-02 3.5101513313e-15 2.4916292983e-15 -2.2451798220e-16 -6.1504843256e-02 4.9956439677e-15 -5.2185203246e-15 4.2930626449e-16 1.0299055053e-01 -3.9699755257e-14 -9.8230995306e-16 6.7176026364e-16 1.1165168132e-02 -2.0253782217e-15 -1.7318989124e-15 -3.0384518534e-15 -3.7723074596e-16 3.2044002490e-16 5.1862055551e-16 3.7063037998e-15 1.1333232124e-15 8.6571822216e-15 1.4116503477e-16 4.6076919681e-16 5.0682460749e-16
1.7712399934e+00 -4.9796625861e+00 3.7095825738e-12 -4.9782668016e-13 1.7805383324e-12 -5.5801932651e+01 -3.1764872131e-12 -1.4634564369e-13 -3.6471485985e-13 -5.7955370468e-01 2.1173947309e-14 -1.7872630162e-15 -3.0974544996e-15 9.4350001823e-01 4.4320525711e-14 2.4341238938e-15 -2.0253782217e-15 1.6888264518e+01 1.6285974370e+01 1.6288690689e+01 2.5019521471e-16 -2.4870965577e-17 -2.8026865583e-16 -2.8797740453e-01 -2.2637198280e-01 -2.4743372337e-01 -2.3634741678e-15 3.5478357224e-16 1.4176084099e-15
1.7707453955e+00 -4.9782396250e+00 3.7094940308e-12 -4.9795126729e-13 1.7806797861e-12 -5.5782193854e+01 -3.1763443269e-12 -1.4648056494e-13 -3.6498456092e-13 -5.7333430177e-01 2.0377980443e-14 -1.6723601808e-15 -2.9413754201e-15 9.0769900345e-01 4.7009540350e-14 1.9047815404e-15 -1.7318989124e-15 1.6285974370e+01 1.6871790153e+01 1.6285974125e+01 9.8468303831e-17 4.9958787938e-17 -4.0577203862e-17 -2.7575137123e-01 -1.9784375027e-01 -2.7574904824e-01 -7.6798626148e-16 -3.8412192705e-16 3.6501877087e-16
1.7712399952e+00 -4.9796625920e+00 3.7094991898e-12 -4.9765324949e-13 1.7809886575e-12 -5.5801932596e+01 -3.1756262735e-12 -1.4628862791e-13 -3.6415445971e-13 -5.7955403714e-01 2.0122893264e-14 -9.2704888593e-16 -3.1224558567e-15 9.4349779364e-01 4.6852253614e-14 1.1358442071e-15 -3.0384518534e-15 1.6288690689e+01 1.6285974125e+01 1.6888264730e+01 -3.6846747681e-17 1.3515799311e-16 1.9506219654e-16 -2.4743344857e-01 -2.2636937839e-01 -2.8797866268e-01 6.7738269856e-16 -1.2085898786e-15 -6.6249794853e-16
7.8055908977e-18 -2.2459061321e-17 -1.8028543832e-16 2.6009013913e-16 2.0116693805e-16 -3.2188890702e-16 2.9965333362e-17 2.9936965996e-16 9.1747422625e-17 -9.9706044931e-17 -5.3508648234e-16 -1.0842604690e-16 4.9608535937e-16 6.5123344530e-16 3.6394795651e-16 -7.5145014243e-17 -3.7723074596e-16 2.5019521471e-16 9.8468303831e-17 -3.6846747681e-17 1.1837825909e+00 -8.2353180748e-16 2.1691656857e-16 -1.5845187685e-15 -1.9471573349e-17 1.3890098999e-15 5.4498048008e-02 -1.1996614890e-15 -3.8507498436e-16
4.2958354891e-18 -1.2388366453e-17 -2.5188111190e-16 2.7794207182e-16 -1.8732128364e-16 -1.6359960367e-16 4.2637467676e-17 2.5319526969e-16 7.3149601975e-16 -6.2183209982e-17 -2.3856697761e-16 -2.3982912051e-16 -6.7008036979e-16 2.8519546911e-16 2.3455076304e-16 -6.7472128670e-17 3.2044002490e-16 -2.4870965577e-17 4.9958787938e-17 1.3515799311e-16 -8.2353180748e-16 1.1838484070e+00 1.7625716635e-16 7.7278218989e-16 3.5376627693e-18 -8.4994335947e-16 2.4828773839e-15 5.4208811985e-02 -1.7015465312e-16
-3.1658713787e-18 9.0909940084e-18 -2.2926247739e-17 1.1106921000e-16 -8.8179952999e-17 1.3027027879e-16 -6.6639102263e-17 -9.1788446890e-17 3.8420777610e-16 3.7980625893e-17 2.9235052926e-16 -2.4862720397e-16 -9.2631321032e-16 -7.8580406457e-17 -1.7410058798e-16 9.4579411749e-16 5.1862055551e-16 -2.8026865583e-16 -4.0577203862e-17 1.9506219654e-16 2.1691656857e-16 1.7625716635e-16 1.1837825973e+00 1.0520897504e-15 5.4134084758e-18 -1.0158325825e-15 -5.3666578901e-16 -4.7258008775e-16 5.4498019939e-02
-2.8533801705e-02 7.5747034859e-02 1.7374009476e-15 -4.2948624277e-15 -3.9213020144e-15 8.8461861001e-01 -1.0907919084e-14 2.0847928107e-15 6.1968531321e-15 -2.4573612989e-02 3.4616870424e-14 5.4033214618e-15 -1.0800045361e-14 -4.8213359777e-01 2.8783815946e-14 -3.2118191961e-15 3.7063037998e-15 -2.8797740453e-01 -2.7575137123e-01 -2.4743344857e-01 -1.5845187685e-15 7.7278218989e-16 1.0520897504e-15 3.8559449819e-01 3.1457624270e-02 -2.1397489135e-01 1.3821387039e-14 -6.2468429856e-15 -8.6562959262e-15
-2.4357765471e-02 6.3739915754e-02 2.2331285501e-15 -4.1388300747e-15 -3.8668667325e-15 7.1962824395e-01 -1.2851758835e-14 2.1826798181e-15 6.5407231120e-15 -7.3801532420e-02 4.1983591018e-14 5.0619539114e-15 -1.1156943186e-14 -1.5482994217e-01 8.2681702196e-15 1.3898261135e-15 1.1333232124e-15 -2.2637198280e-01 -1.9784375027e-01 -2.2636937839e-01 -1.9471573349e-17 3.5376627693e-18 5.4134084758e-18 3.1457624270e-02 1.7461556192e-02 3.1434914640e-02 2.9691383980e-16 1.4240316798e-16 -4.9568036729e-18
-2.8533808061e-02 7.5747060029e-02 3.2238273089e-15 -5.1121308994e-15 -3.9815706775e-15 8.8461759541e-01 -1.5430799775e-14 4.3592863790e-15 8.0526361519e-15 -2.4570968030e-02 4.6778450858e-14 -1.9944424629e-15 -1.4205612494e-14 -4.8211459189e-01 8.0374847016e-15 1.0019418158e-14 8.6571822216e-15 -2.4743372337e-01 -2.7574904824e-01 -2.8797866268e-01 1.3890098999e-15 -8.4994335947e-16 -1.0158325825e-15 -2.1397489135e-01 3.1434914640e-02 3.8560358868e-01 -1.1798859193e-14 7.2214785175e-15 8.5171428578e-15
-6.2472908879e-17 1.7951330908e-16 1.2457497586e-16 3.4128339485e-16 3.8264697777e-16 2.5286920973e-15 -7.3818924086e-16 -1.0533068556e-15 -6.4621639938e-16 6.9103357067e-16 2.1847558675e-15 2.7225705181e-15 1.5359168266e-15 -6.1084998404e-15 2.4371727202e-16 2.6840313787e-16 1.4116503477e-16 -2.3634741678e-15 -7.6798626148e-16 6.7738269856e-16 5.4498048008e-02 2.4828773839e-15 -5.3666578901e-16 1.3821387039e-14 2.9691383980e-16 -1.1798859193e-14 2.5089380934e-03 6.0198766132e-17 -4.2894099005e-17
-3.1656960403e-17 9.1012969814e-17 -2.7561345302e-16 3.9233684505e-16 6.9999358865e-16 1.2746462116e-15 3.8253700318e-16 -1.0407954394e-15 -1.5697906930e-15 3.5380425074e-16 -1.1504006711e-15 2.8240669496e-15 4.2783064678e-15 -2.9466478331e-15 -1.0627666310e-16 2.7825021775e-16 4.6076919681e-16 3.5478357224e-16 -3.8412192705e-16 -1.2085898786e-15 -1.1996614890e-15 5.4208811985e-02 -4.7258008775e-16 -6.2468429856e-15 1.4240316798e-16 7.2214785175e-15 6.0198766132e-17 2.4822395160e-03 -2.9919255982e-17
3.1392834655e-17 -9.0373722385e-17 -1.4446279941e-16 -3.7682240229e-16 4.9966945067e-16 -1.1399396451e-15 2.4895107716e-16 8.7875052896e-16 -1.4907728278e-15 -4.3677923470e-16 -6.8611648334e-16 -2.0203747580e-15 4.6737599861e-15 5.0569328402e-16 -8.0257554738e-17 -1.5878729170e-16 5.0682460749e-16 1.4176084099e-15 3.6501877087e-16 -6.6249794853e-16 -3.8507498436e-16 -1.7015465312e-16 5.4498019939e-02 -8.6562959262e-15 -4.9568036729e-18 8.5171428578e-15 -4.2894099005e-17 -2.9919255982e-17 2.5089354953e-03
Se 19
1.2215439563e+00 -5.5775539447e-01 6.3534141812e-14 4.0756109560e-14 4.6703855725e-15 -4.0268307181e+00 6.4354467779e-16 -5.1441877736e-15 -2.2179737291e-16 -3.2796016198e-02 9.9275462869e-15 -7.2107174443e-15 1.6118327777e-17 1.1860312985e+00 1.1860316069e+00 1.1860319333e+00 9.1040968924e-07 -1.4131907319e-10 1.0133230428e-10
-5.5775539447e-01 1.4082612484e+00 -4.2921927989e-14 -2.8097757067e-14 -3.1664874671e-15 9.8139384579e+00 2.7125878161e-15 5.6252734497e-15 3.2154903753e-16 9.5463546997e-02 -2.3894974984e-14 1.6631672489e-14 -2.6671786598e-17 -2.9126381362e+00 -2.9126382802e+00 -2.9126384327e+00 -4.2518514271e-07 6.5999704323e-11 -4.7324837118e-11
6.3534141812e-14 -4.2921927989e-14 1.1477391009e+00 4.3049027813e-03 -6.6823198194e-07 -2.7789595319e-10 -4.1220114732e-01 -1.2716110518e-02 1.9738684399e-06 -7.8994873781e-14 1.3627071683e-02 4.6172187600e-02 -7.1671148012e-06 7.8401268085e-11 7.8401337305e-11 7.8401530856e-11 -1.0526074307e-17 -3.5182648262e-16 6.6474423350e-17
4.0756109560e-14 -2.8097757067e-14 4.3049027813e-03 1.1506559484e+00 4.7915320296e-07 -1.7851220290e-10 -1.2716110518e-02 -4.2081712705e-01 -1.4153548620e-06 -5.2145136828e-14 4.6172187600e-02 4.4911687527e-02 5.1391524253e-06 5.0363054813e-11 5.0363185882e-11 5.0362821449e-11 5.8866762530e-17 -4.6981298967e-16 6.8405345509e-17
4.6703855725e-15 -3.1664874671e-15 -6.6823198194e-07 4.7915320296e-07 1.1537427625e+00 -2.0256057586e-11 1.9738684397e-06 -1.4153548621e-06 -4.2993516554e-01 -5.8739828553e-15 -7.1671148011e-06 5.1391524252e-06 7.8019278344e-02 5.7146717945e-12 5.7149194081e-12 5.7146670762e-12 2.4108647927e-17 -1.2453004637e-16 -1.4960217647e-16
-4.0268307181e+00 9.8139384579e+00 -2.7789595319e-10 -1.7851220290e-10 -2.0256057586e-11 6.8467271700e+01 -1.0511917323e-11 1.8279112212e-11 3.7293775903e-13 8.4073025171e-01 -1.2032380314e-13 1.1219138319e-12 4.9073656738e-14 -2.0280858625e+01 -2.0282364973e+01 -2.0283959098e+01 -4.4463609910e-03 6.9018994608e-07 -4.9489807741e-07
6.4354467779e-16 2.7125878161e-15 -4.1220114732e-01 -1.2716110518e-02 1.9738684397e-06 -1.0511917323e-11 1.1503698043e+00 3.7561699980e-02 -5.8305449637e-06 -5.6499622965e-15 -4.9463619160e-02 -1.3638650400e-01 2.1170704320e-05 2.9659909044e-12 2.9653699951e-12 2.9652559118e-12 2.6624506398e-17 -2.2026548296e-16 5.4136099935e-17
-5.1441877736e-15 5.6252734497e-15 -1.2716110518e-02 -4.2081712705e-01 -1.4153548621e-06 1.8279112212e-11 3.7561699980e-02 1.1758202630e+00 4.1807701038e-06 7.7909355863e-15 -1.3638650400e-01 -1.4187421536e-01 -1.5180373061e-05 -5.1578396292e-12 -5.1577644373e-12 -5.1573539957e-12 -1.1928651502e-16 2.4121690762e-16 3.6932178477e-17
-2.2179737291e-16 3.2154903753e-16 1.9738684399e-06 -1.4153548620e-06 -4.2993516554e-01 3.7293775903e-13 -5.8305449637e-06 4.1807701038e-06 1.2027537366e+00 1.1924468865e-16 2.1170704319e-05 -1.5180373061e-05 -2.3966963728e-01 -1.0522946841e-13 -1.0544954663e-13 -1.0504965770e-13 -2.9271596370e-17 1.6827154479e-16 -6.4520653638e-17
-3.2796016198e-02 9.5463546997e-02 -7.8994873781e-14 -5.2145136828e-14 -5.8739828553e-15 8.4073025171e-01 -5.6499622965e-15 7.7909355863e-15 1.1924468865e-16 1.0491539238e+00 8.7295966258e-15 -6.0166496572e-15 -1.0665892500e-17 -3.0638866613e-01 -3.0638909166e-01 -3.0638954197e-01 -1.2560305508e-06 1.9496834825e-10 -1.3980131303e-10
9.9275462869e-15 -2.3894974984e-14 1.3627071683e-02 4.6172187600e-02 -7.1671148011e-06 -1.2032380314e-13 -4.9463619160e-02 -1.3638650400e-01 2.1170704319e-05 8.7295966258e-15 3.5717899831e-01 4.9521929205e-01 -7.6870811248e-05 3.4244501966e-14 3.5701534564e-14 3.6013550459e-14 -8.6498036076e-17 5.1144996351e-16 -8.6365929227e-16
-7.2107174443e-15 1.6631672489e-14 4.6172187600e-02 4.4911687527e-02 5.1391524252e-06 1.1219138319e-12 -1.3638650400e-01 -1.4187421536e-01 -1.5180373061e-05 -6.0166496572e-15 4.9521929205e-01 6.9272180266e-01 5.5119923015e-05 -3.1668578438e-13 -3.1757427486e-13 -3.1788137815e-13 9.7107318420e-17 -7.5533877134e-16 3.0332952138e-16
1.6118327777e-17 -2.6671786598e-17 -7.1671148012e-06 5.1391524253e-06 7.8019278344e-02 4.9073656738e-14 2.1170704320e-05 -1.5180373061e-05 -2.3966963728e-01 -1.0665892500e-17 -7.6870811248e-05 5.5119923015e-05 1.0478169051e+00 -1.3882707851e-14 -1.3698927670e-14 -1.3957607261e-14 2.0574994737e-17 -3.8390228393e-17 7.3124887025e-17
1.1860312985e+00 -2.9126381362e+00 7.8401268085e-11 5.0363054813e-11 5.7146717945e-12 -2.0280858625e+01 2.9659909044e-12 -5.1578396292e-12 -1.0522946841e-13 -3.0638866613e-01 3.4244501966e-14 -3.1668578438e-13 -1.3882707851e-14 6.4894582771e+00 5.8930510124e+00 5.8935007461e+00 1.2544045209e-03 -1.9471594642e-07 1.3962032933e-07
1.1860316069e+00 -2.9126382802e+00 7.8401337305e-11 5.0363185882e-11 5.7149194081e-12 -2.0282364973e+01 2.9653699951e-12 -5.1577644373e-12 -1.0544954663e-13 -3.0638909166e-01 3.5701534564e-14 -3.1757427486e-13 -1.3698927670e-14 5.8930510124e+00 6.4903082169e+00 5.8939257160e+00 1.2544045139e-03 -1.9471594538e-07 1.3962032844e-07
1.1860319333e+00 -2.9126384327e+00 7.8401530856e-11 5.0362821449e-11 5.7146670762e-12 -2.0283959098e+01 2.9652559118e-12 -5.1573539957e-12 -1.0504965770e-13 -3.0638954197e-01 3.6013550459e-14 -3.1788137815e-13 -1.3957607261e-14 5.8935007461e+00 5.8939257160e+00 6.4912076842e+00 1.2544045064e-03 -1.9471594421e-07 1.3962032769e-07
9.1040968924e-07 -4.2518514271e-07 -1.0526074307e-17 5.8866762530e-17 2.4108647927e-17 -4.4463609910e-03 2.6624506398e-17 -1.1928651502e-16 -2.9271596370e-17 -1.2560305508e-06 -8.6498036076e-17 9.7107318420e-17 2.0574994737e-17 1.2544045209e-03 1.2544045139e-03 1.2544045064e-03 1.1936620738e+00 3.2414808115e-15 -2.2886488094e-15
-1.4131907319e-10 6.5999704323e-11 -3.5182648262e-16 -4.6981298967e-16 -1.2453004637e-16 6.9018994608e-07 -2.2026548296e-16 2.4121690762e-16 1.6827154479e-16 1.9496834825e-10 5.1144996351e-16 -7.5533877134e-16 -3.8390228393e-17 -1.9471594642e-07 -1.9471594538e-07 -1.9471594421e-07 3.2414808115e-15 1.1936620738e+00 -4.4222614618e-16
1.0133230428e-10 -4.7324837118e-11 6.6474423350e-17 6.8405345509e-17 -1.4960217647e-16 -4.9489807741e-07 5.4136099935e-17 3.6932178477e-17 -6.4520653638e-17 -1.3980131303e-10 -8.6365929227e-16 3.0332952138e-16 7.3124887025e-17 1.3962032933e-07 1.3962032844e-07 1.3962032769e-07 -2.2886488094e-15 -4.4222614618e-16 1.1936620738e+00
1.2215439563e+00 -5.5775539447e-01 6.3534141812e-14 4.0756109560e-14 4.6703855725e-15 -4.0268307181e+00 6.4354467779e-16 -5.1441877736e-15 -2.2179737291e-16 -3.2796016198e-02 9.9275462869e-15 -7.2107174443e-15 1.6118327777e-17 1.1860312985e+00 1.1860316069e+00 1.1860319333e+00 9.1040968924e-07 -1.4131907319e-10 1.0133230428e-10
-5.5775539447e-01 1.4082612484e+00 -4.2921927989e-14 -2.8097757067e-14 -3.1664874671e-15 9.8139384579e+00 2.7125878161e-15 5.6252734497e-15 3.2154903753e-16 9.5463546997e-02 -2.3894974984e-14 1.6631672489e-14 -2.6671786598e-17 -2.9126381362e+00 -2.9126382802e+00 -2.9126384327e+00 -4.2518514271e-07 6.5999704323e-11 -4.7324837118e-11
6.3534141812e-14 -4.2921927989e-14 1.1477391009e+00 4.3049027813e-03 -6.6823198194e-07 -2.7789595319e-10 -4.1220114732e-01 -1.2716110518e-02 1.9738684399e-06 -7.8994873781e-14 1.3627071683e-02 4.6172187600e-02 -7.1671148012e-06 7.8401268085e-11 7.8401337305e-11 7.8401530856e-11 -1.0526074307e-17 -3.5182648262e-16 6.6474423350e-17
4.0756109560e-14 -2.8097757067e-14 4.3049027813e-03 1.1506559484e+00 4.7915320296e-07 -1.7851220290e-10 -1.2716110518e-02 -4.2081712705e-01 -1.4153548620e-06 -5.2145136828e-14 4.6172187600e-02 4.4911687527e-02 5.1391524253e-06 5.0363054813e-11 5.0363185882e-11 5.0362821449e-11 5.8866762530e-17 -4.6981298967e-16 6.8405345509e-17
4.6703855725e-15 -3.1664874671e-15 -6.6823198194e-07 4.7915320296e-07 1.1537427625e+00 -2.0256057586e-11 1.9738684397e-06 -1.4153548621e-06 -4.2993516554e-01 -5.8739828553e-15 -7.1671148011e-06 5.1391524252e-06 7.8019278344e-02 5.7146717945e-12 5.7149194081e-12 5.7146670762e-12 2.4108647927e-17 -1.2453004637e-16 -1.4960217647e-16
-4.0268307181e+00 9.8139384579e+00 -2.7789595319e-10 -1.7851220290e-10 -2.0256057586e-11 6.8467271700e+01 -1.0511917323e-11 1.8279112212e-11 3.7293775903e-13 8.4073025171e-01 -1.2032380314e-13 1.1219138319e-12 4.9073656738e-14 -2.0280858625e+01 -2.0282364973e+01 -2.0283959098e+01 -4.4463609910e-03 6.9018994608e-07 -4.9489807741e-07
6.4354467779e-16 2.7125878161e-15 -4.1220114732e-01 -1.2716110518e-02 1.9738684397e-06 -1.0511917323e-11 1.1503698043e+00 3.7561699980e-02 -5.8305449637e-06 -5.6499622965e-15 -4.9463619160e-02 -1.3638650400e-01 2.1170704320e-05 2.9659909044e-12 2.9653699951e-12 2.9652559118e-12 2.6624506398e-17 -2.2026548296e-16 5.4136099935e-17
-5.1441877736e-15 5.6252734497e-15 -1.2716110518e-02 -4.2081712705e-01 -1.4153548621e-06 1.8279112212e-11 3.7561699980e-02 1.1758202630e+00 4.1807701038e-06 7.7909355863e-15 -1.3638650400e-01 -1.4187421536e-01 -1.5180373061e-05 -5.1578396292e-12 -5.1577644373e-12 -5.1573539957e-12 -1.1928651502e-16 2.4121690762e-16 3.6932178477e-17
-2.2179737291e-16 3.2154903753e-16 1.9738684399e-06 -1.4153548620e-06 -4.2993516554e-01 3.7293775903e-13 -5.8305449637e-06 4.1807701038e-06 1.2027537366e+00 1.1924468865e-16 2.1170704319e-05 -1.5180373061e-05 -2.3966963728e-01 -1.0522946841e-13 -1.0544954663e-13 -1.0504965770e-13 -2.9271596370e-17 1.6827154479e-16 -6.4520653638e-17
-3.2796016198e-02 9.5463546997e-02 -7.8994873781e-14 -5.2145136828e-14 -5.8739828553e-15 8.4073025171e-01 -5.6499622965e-15 7.7909355863e-15 1.1924468865e-16 1.0491539238e+00 8.7295966258e-15 -6.0166496572e-15 -1.0665892500e-17 -3.0638866613e-01 -3.0638909166e-01 -3.0638954197e-01 -1.2560305508e-06 1.9496834825e-10 -1.3980131303e-10
