N 5
1.0584729566e+00 -2.4878111520e-01 5.0901813265e-17 0.0000000000e+00 0.0000000000e+00
-2.4878111520e-01 1.0584729566e+00 -2.2941168181e-17 0.0000000000e+00 0.0000000000e+00
5.0901813265e-17 -2.2941168181e-17 1.0000000000e+00 0.0000000000e+00 0.0000000000e+00
0.0000000000e+00 0.0000000000e+00 0.0000000000e+00 1.0000000000e+00 0.0000000000e+00
0.0000000000e+00 0.0000000000e+00 0.0000000000e+00 0.0000000000e+00 0.0000000000e+00
1.0584729566e+00 -2.4878111520e-01 5.0901813265e-17 0.0000000000e+00 0.0000000000e+00
-2.4878111520e-01 1.0584729566e+00 -2.2941168181e-17 0.0000000000e+00 0.0000000000e+00
5.0901813265e-17 -2.2941168181e-17 1.0000000000e+00 0.0000000000e+00 0.0000000000e+00
0.0000000000e+00 0.0000000000e+00 0.0000000000e+00 0.0000000000e+00 0.0000000000e+00
0.0000000000e+00 0.0000000000e+00 0.0000000000e+00 0.0000000000e+00 0.0000000000e+00
Zr 29
1.2069760037e+00 -5.5195143268e-01 2.3564383353e-15 -9.7205690811e-16 6.0046274862e-16 1.2178371619e+00 -4.2737764850e-16 5.0917525101e-16 6.2007089920e-17 -2.1474276946e-02 -7.5100560852e-16 -7.9615450665e-16 -2.1102341691e-17 6.2706577170e-02 -1.2300947970e-15 4.0765103105e-16 2.2145053553e-16 -2.9050028767e-01 -2.9013833283e-01 -2.9017794129e-01 -6.8306289169e-06 -2.4067428691e-04 -1.3401711173e-06 -1.6244732291e-02 -1.9133164277e-02 -1.8816939963e-02 5.4668650656e-05 1.9205043283e-03 1.0512967480e-05
-5.5195143268e-01 1.4926353204e+00 -1.0998051969e-15 6.4011177047e-16 2.6040976140e-16 -3.5340690282e+00 1.4643889703e-15 -1.5431161416e-15 -1.3258798016e-16 1.0047919362e-01 5.2782042716e-16 3.2312475146e-15 9.0905508521e-17 -1.7438270076e-01 3.3421864249e-15 -1.7226922722e-15 -6.7669570533e-16 8.1951231557e-01 8.1837621610e-01 8.1850040263e-01 2.1440192138e-05 7.5552729780e-04 4.2715586788e-06 4.1375380491e-02 5.0477928878e-02 4.9482611239e-02 -1.7222265713e-04 -6.0531487832e-03 -3.3753414834e-05
2.3564383353e-15 -1.0998051969e-15 1.2376026085e+00 3.0030792596e-07 2.4197354593e-05 -1.4299693087e-13 -5.6416318390e-01 -8.6922511444e-07 -6.9130596733e-05 -3.9049946034e-15 1.1925253729e-01 2.6372321152e-06 1.9889507416e-04 2.6463224594e-15 2.4209358427e-02 -2.0578943576e-06 -1.6521302972e-04 4.0995310651e-14 4.0483263685e-14 4.1165919626e-14 2.2320637118e-16 7.8836219205e-17 -8.2156530321e-17 -4.2673426206e-16 -2.7616854102e-16 7.0416745838e-16 -1.0937035559e-15 -3.7434454525e-16 -2.8433401083e-16
-9.7205690811e-16 6.4011177047e-16 3.0030792596e-07 1.2375304646e+00 5.0012725975e-07 5.6029825729e-14 -8.6911383338e-07 -5.6395705589e-01 -1.4188348077e-06 9.5673612519e-15 2.6335808859e-06 1.1865928428e-01 3.9598879487e-06 1.6142440540e-14 -2.0167846054e-06 2.4701914799e-02 -3.4107034246e-06 -1.6331926425e-14 -1.6373658262e-14 -1.6179351124e-14 3.1569831449e-16 2.9345226734e-16 -2.0331814127e-16 -5.8322911655e-15 -6.0888866449e-15 -6.7393194894e-15 -1.2041990661e-15 2.8659081270e-16 1.1895445718e-15
6.0046274862e-16 2.6040976140e-16 2.4197354593e-05 5.0012725975e-07 1.2375377246e+00 -5.5674843683e-14 -6.9130535121e-05 -1.4188725300e-06 -5.6397781586e-01 -2.8337836741e-15 1.9889337093e-04 3.9611248436e-06 1.1871924072e-01 -6.3078720962e-15 -1.6519771066e-04 -3.4246121262e-06 2.4652350344e-02 1.5624076708e-14 1.5462654409e-14 1.6069910171e-14 -1.5446192471e-16 -1.4113113487e-16 -6.6107370637e-17 1.9786253636e-15 2.7789209046e-15 1.5960000946e-15 1.3551156847e-16 -3.1209478925e-17 -9.4663029572e-16
1.2178371619e+00 -3.5340690282e+00 -1.4299693087e-13 5.6029825729e-14 -5.5674843683e-14 9.7332677606e+00 -8.4012645571e-15 3.0944085315e-16 3.8802071245e-15 -6.5780489389e-01 -3.8406105109e-16 -1.3491603637e-14 -4.0635649060e-16 5.5296638991e-01 -1.3906570299e-14 7.8263466628e-15 2.7101401064e-15 -1.9797798374e+00 -1.9749232673e+00 -1.9754551593e+00 -9.1926894938e-05 -3.2289799417e-03 -1.7603041503e-05 -8.7069310216e-02 -1.2778055620e-01 -1.2332357301e-01 7.7000901956e-04 2.7068757687e-02 1.4851631534e-04
-4.2737764850e-16 1.4643889703e-15 -5.6416318390e-01 -8.6911383338e-07 -6.9130535121e-05 -8.4012645571e-15 1.3436946469e+00 2.5148037949e-06 1.9749743646e-04 4.5679211177e-15 -3.4558062865e-01 -7.6270088640e-06 -5.6830760672e-04 -3.6751343736e-15 -6.3612350572e-02 6.0738821726e-06 4.7466883545e-04 1.5649120816e-15 1.3598785165e-15 2.0787677109e-15 -5.9187071383e-16 -1.5600095179e-16 -1.8301222778e-16 5.9072220498e-16 -5.5199487526e-17 -1.8651301023e-15 3.1674265865e-15 8.8556833732e-16 8.4566354104e-16
5.0917525101e-16 -1.5431161416e-15 -8.6922511444e-07 -5.6395705589e-01 -1.4188725300e-06 3.0944085315e-16 2.5148037949e-06 1.3431057172e+00 4.0252494929e-06 -1.6274928802e-14 -7.6176089093e-06 -3.4388537366e-01 -1.1232823151e-05 -2.7822181792e-14 5.9593605891e-06 -6.5027746996e-02 9.6547612627e-06 1.0175753581e-15 1.0366881598e-15 4.2838936618e-16 -8.6882475250e-16 -1.5548127413e-16 1.4713347028e-16 1.0332985010e-14 1.1039264008e-14 1.2268620653e-14 2.9025221911e-15 -1.0982515493e-15 -2.4185745938e-15
6.2007089920e-17 -1.3258798016e-16 -6.9130596733e-05 -1.4188348077e-06 -5.6397781586e-01 3.8802071245e-15 1.9749743646e-04 4.0252494929e-06 1.3431650786e+00 2.1662661305e-15 -5.6830328744e-04 -1.1236007354e-05 -3.4405684208e-01 8.6543398606e-15 4.7462623005e-04 9.6935074876e-06 -6.4885073099e-02 -1.0565368665e-15 -8.9834012062e-16 -1.2357682882e-15 5.8671663775e-17 -5.5557225178e-17 -3.1218969891e-16 -2.7727735503e-15 -4.4013897106e-15 -5.8425955024e-16 8.6321726974e-18 3.2731726275e-16 2.6664768061e-15
-2.1474276946e-02 1.0047919362e-01 -3.9049946034e-15 9.5673612519e-15 -2.8337836741e-15 -6.5780489389e-01 4.5679211177e-15 -1.6274928802e-14 2.1662661305e-15 1.5856602454e+00 2.0661284863e-15 2.9703981013e-14 -1.6628965891e-15 -9.1644643137e-02 1.2309135598e-14 -5.1883007527e-15 -4.1345037008e-15 6.5512663663e-02 5.9304302670e-02 5.9972834921e-02 1.1520457750e-04 4.1361421817e-03 2.9349975179e-05 -1.3565759477e-01 -8.8272097985e-02 -9.3371922530e-02 -8.8298370375e-04 -3.1571547138e-02 -2.2284591203e-04
-7.5100560852e-16 5.2782042716e-16 1.1925253729e-01 2.6335808859e-06 1.9889337093e-04 -3.8406105109e-16 -3.4558062865e-01 -7.6176089093e-06 -5.6830328744e-04 2.0661284863e-15 9.9939705859e-01 2.3092778142e-05 1.6337025454e-03 1.8038799720e-14 1.0707921798e-01 -1.8802852825e-05 -1.3174925523e-03 3.2919275009e-16 2.1032591080e-16 4.1524783743e-16 1.2808749077e-15 6.6686593960e-16 5.5015164755e-16 -5.1028073792e-15 -5.3663351389e-15 -4.6710890189e-16 -8.0449210458e-15 -2.2526551037e-15 -3.0500632948e-15
-7.9615450665e-16 3.2312475146e-15 2.6372321152e-06 1.1865928428e-01 3.9611248436e-06 -1.3491603637e-14 -7.6270088640e-06 -3.4388537366e-01 -1.1236007354e-05 2.9703981013e-14 2.3092778142e-05 9.9452191927e-01 3.1229845974e-05 4.3585233832e-14 -1.8519839455e-05 1.1101080658e-01 -2.5040396113e-05 1.6038504608e-15 1.6857874467e-15 2.5262070986e-15 1.0832270939e-15 -3.6563740852e-16 -8.5029962073e-16 -1.6654517227e-14 -1.8677158679e-14 -2.1882495121e-14 -7.0657715319e-15 2.9924992091e-15 6.7817772823e-15
-2.1102341691e-17 9.0905508521e-17 1.9889507416e-04 3.9598879487e-06 1.1871924072e-01 -4.0635649060e-16 -5.6830760672e-04 -1.1232823151e-05 -3.4405684208e-01 -1.6628965891e-15 1.6337025454e-03 3.1229845974e-05 9.9501683810e-01 -1.3665629291e-14 -1.3173887511e-03 -2.5136141752e-05 1.1061148625e-01 -7.8209769842e-17 -4.4601467572e-16 6.5303375334e-16 9.2450557235e-18 5.9032934582e-16 8.9943569943e-16 3.7880339041e-15 8.2910665277e-15 -1.5378316058e-15 -8.0325359568e-16 -7.8697124599e-16 -6.3038996158e-15
6.2706577170e-02 -1.7438270076e-01 2.6463224594e-15 1.6142440540e-14 -6.3078720962e-15 5.5296638991e-01 -3.6751343736e-15 -2.7822181792e-14 8.6543398606e-15 -9.1644643137e-02 1.8038799720e-14 4.3585233832e-14 -1.3665629291e-14 2.4826608285e+00 -2.6608205564e-14 2.1366932544e-14 8.8320703029e-15 -1.1552598917e-01 -8.7444453540e-02 -9.0595297887e-02 -5.3354705049e-04 -1.8614637795e-02 -6.4400076751e-05 -1.3596014471e-01 -3.7920101259e-01 -3.5194714435e-01 4.6107094921e-03 1.6126697854e-01 5.8172587230e-04
-1.2300947970e-15 3.3421864249e-15 2.4209358427e-02 -2.0167846054e-06 -1.6519771066e-04 -1.3906570299e-14 -6.3612350572e-02 5.9593605891e-06 4.7462623005e-04 1.2309135598e-14 1.0707921798e-01 -1.8519839455e-05 -1.3173887511e-03 -2.6608205564e-14 1.2052471693e-02 -4.2944181400e-06 -3.0791719740e-04 2.2770564009e-15 1.5765356479e-15 1.9578709627e-15 -1.6087205515e-16 -6.0944699045e-16 -7.2765039189e-16 -2.4842480707e-16 6.7015921570e-15 7.8043820120e-17 -2.2607293715e-15 -1.7839993804e-16 3.4382713970e-15
4.0765103105e-16 -1.7226922722e-15 -2.0578943576e-06 2.4701914799e-02 -3.4246121262e-06 7.8263466628e-15 6.0738821726e-06 -6.5027746996e-02 9.6935074876e-06 -5.1883007527e-15 -1.8802852825e-05 1.1101080658e-01 -2.5136141752e-05 2.1366932544e-14 -4.2944181400e-06 1.2971112884e-02 -5.9904633005e-06 -1.0371362688e-15 -1.7166026677e-16 -1.9406715116e-15 -6.3627566685e-16 5.0518281419e-17 7.2589142646e-16 -1.6002428348e-15 -9.9917366381e-15 9.2632859661e-16 1.3522300085e-15 -1.9567855385e-15 -5.3953289184e-15
2.2145053553e-16 -6.7669570533e-16 -1.6521302972e-04 -3.4107034246e-06 2.4652350344e-02 2.7101401064e-15 4.7466883545e-04 9.6547612627e-06 -6.4885073099e-02 -4.1345037008e-15 -1.3174925523e-03 -2.5040396113e-05 1.1061148625e-01 8.8320703029e-15 -3.0791719740e-04 -5.9904633005e-06 1.2878055055e-02 -2.7131262294e-16 1.9743741008e-16 -1.0179201945e-15 -1.8654819450e-16 -5.9784604008e-16 3.3655248328e-16 5.8201868370e-16 -4.1649065025e-15 2.0133321754e-15 1.3346087244e-15 -1.6263671794e-15 -4.7028122001e-15
-2.9050028767e-01 8.1951231557e-01 4.0995310651e-14 -1.6331926425e-14 1.5624076708e-14 -1.9797798374e+00 1.5649120816e-15 1.0175753581e-15 -1.0565368665e-15 6.5512663663e-02 3.2919275009e-16 1.6038504608e-15 -7.8209769842e-17 -1.1552598917e-01 2.2770564009e-15 -1.0371362688e-15 -2.7131262294e-16 8.4551006424e-01 2.5297400892e-01 2.5365737262e-01 1.2932659152e-04 3.5475228568e-04 -3.2482107044e-04 4.1839905637e-02 2.3522988198e-02 1.7798507107e-02 -1.0851230619e-03 -3.1575143124e-03 2.7125407057e-03
-2.9013833283e-01 8.1837621610e-01 4.0483263685e-14 -1.6373658262e-14 1.5462654409e-14 -1.9749232673e+00 1.3598785165e-15 1.0366881598e-15 -8.9834012062e-16 5.9304302670e-02 2.1032591080e-16 1.6857874467e-15 -4.4601467572e-16 -8.7444453540e-02 1.5765356479e-15 -1.7166026677e-16 1.9743741008e-16 2.5297400892e-01 8.4747974368e-01 2.4990005070e-01 -1.1895040582e-03 2.2595657157e-03 3.4499504114e-03 1.5677264563e-02 1.8137632659e-02 4.1501380653e-02 9.9307756476e-03 -1.8984146688e-02 -2.8819450588e-02
-2.9017794129e-01 8.1850040263e-01 4.1165919626e-14 -1.6179351124e-14 1.6069910171e-14 -1.9754551593e+00 2.0787677109e-15 4.2838936618e-16 -1.2357682882e-15 5.9972834921e-02 4.1524783743e-16 2.5262070986e-15 6.5303375334e-16 -9.0595297887e-02 1.9578709627e-15 -1.9406715116e-15 -1.0179201945e-15 2.5365737262e-01 2.4990005070e-01 8.4699197415e-01 1.0941390752e-03 -1.4256189451e-03 -3.1186341993e-03 1.0829110845e-02 4.2377443212e-02 2.3023247217e-02 -9.1424508876e-03 1.1706047573e-02 2.6048240564e-02
-6.8306289169e-06 2.1440192138e-05 2.2320637118e-16 3.1569831449e-16 -1.5446192471e-16 -9.1926894938e-05 -5.9187071383e-16 -8.6882475250e-16 5.8671663775e-17 1.1520457750e-04 1.2808749077e-15 1.0832270939e-15 9.2450557235e-18 -5.3354705049e-04 -1.6087205515e-16 -6.3627566685e-16 -1.8654819450e-16 1.2932659152e-04 -1.1895040582e-03 1.0941390752e-03 1.1832090862e+00 -7.0722039561e-04 -1.2888492521e-03 -9.3438022289e-04 1.0081522595e-02 -8.9918297213e-03 5.2758483771e-02 5.9065381754e-03 1.0672377462e-02
-2.4067428691e-04 7.5552729780e-04 7.8836219205e-17 2.9345226734e-16 -1.4113113487e-16 -3.2289799417e-03 -1.5600095179e-16 -1.5548127413e-16 -5.5557225178e-17 4.1361421817e-03 6.6686593960e-16 -3.6563740852e-16 5.9032934582e-16 -1.8614637795e-02 -6.0944699045e-16 5.0518281419e-17 -5.9784604008e-16 3.5475228568e-04 2.2595657157e-03 -1.4256189451e-03 -7.0722039561e-04 1.1840699863e+00 2.0476753426e-03 2.0462147122e-03 -1.3780173982e-02 1.6909736834e-02 5.9064317935e-03 4.5543727847e-02 -1.7106346609e-02
-1.3401711173e-06 4.2715586788e-06 -8.2156530321e-17 -2.0331814127e-16 -6.6107370637e-17 -1.7603041503e-05 -1.8301222778e-16 1.4713347028e-16 -3.1218969891e-16 2.9349975179e-05 5.5015164755e-16 -8.5029962073e-16 8.9943569943e-16 -6.4400076751e-05 -7.2765039189e-16 7.2589142646e-16 3.3655248328e-16 -3.2482107044e-04 3.4499504114e-03 -3.1186341993e-03 -1.2888492521e-03 2.0476753426e-03 1.1864737560e+00 2.7314211995e-03 -2.8800356737e-02 2.6067251952e-02 1.0672290460e-02 -1.7106491331e-02 2.5739002317e-02
-1.6244732291e-02 4.1375380491e-02 -4.2673426206e-16 -5.8322911655e-15 1.9786253636e-15 -8.7069310216e-02 5.9072220498e-16 1.0332985010e-14 -2.7727735503e-15 -1.3565759477e-01 -5.1028073792e-15 -1.6654517227e-14 3.7880339041e-15 -1.3596014471e-01 -2.4842480707e-16 -1.6002428348e-15 5.8201868370e-16 4.1839905637e-02 1.5677264563e-02 1.0829110845e-02 -9.3438022289e-04 2.0462147122e-03 2.7314211995e-03 2.4276577266e-02 8.8510630743e-03 4.8890348262e-02 7.7484933773e-03 -1.9148672078e-02 -2.2839162031e-02
-1.9133164277e-02 5.0477928878e-02 -2.7616854102e-16 -6.0888866449e-15 2.7789209046e-15 -1.2778055620e-01 -5.5199487526e-17 1.1039264008e-14 -4.4013897106e-15 -8.8272097985e-02 -5.3663351389e-15 -1.8677158679e-14 8.2910665277e-15 -3.7920101259e-01 6.7015921570e-15 -9.9917366381e-15 -4.1649065025e-15 2.3522988198e-02 1.8137632659e-02 4.2377443212e-02 1.0081522595e-02 -1.3780173982e-02 -2.8800356737e-02 8.8510630743e-03 2.9385749521e-01 -1.4494932275e-01 -8.4264796633e-02 1.1235062859e-01 2.4055685371e-01
-1.8816939963e-02 4.9482611239e-02 7.0416745838e-16 -6.7393194894e-15 1.5960000946e-15 -1.2332357301e-01 -1.8651301023e-15 1.2268620653e-14 -5.8425955024e-16 -9.3371922530e-02 -4.6710890189e-16 -2.1882495121e-14 -1.5378316058e-15 -3.5194714435e-01 7.8043820120e-17 9.2632859661e-16 2.0133321754e-15 1.7798507107e-02 4.1501380653e-02 2.3023247217e-02 -8.9918297213e-03 1.6909736834e-02 2.6067251952e-02 4.8890348262e-02 -1.4494932275e-01 2.4508427511e-01 7.5037859779e-02 -1.4323453014e-01 -2.1775482414e-01
5.4668650656e-05 -1.7222265713e-04 -1.0937035559e-15 -1.2041990661e-15 1.3551156847e-16 7.7000901956e-04 3.1674265865e-15 2.9025221911e-15 8.6321726974e-18 -8.8298370375e-04 -8.0449210458e-15 -7.0657715319e-15 -8.0325359568e-16 4.6107094921e-03 -2.2607293715e-15 1.3522300085e-15 1.3346087244e-15 -1.0851230619e-03 9.9307756476e-03 -9.1424508876e-03 5.2758483771e-02 5.9064317935e-03 1.0672290460e-02 7.7484933773e-03 -8.4264796633e-02 7.5037859779e-02 3.3409890700e-02 -4.9329216664e-02 -8.8367323602e-02
1.9205043283e-03 -6.0531487832e-03 -3.7434454525e-16 2.8659081270e-16 -3.1209478925e-17 2.7068757687e-02 8.8556833732e-16 -1.0982515493e-15 3.2731726275e-16 -3.1571547138e-02 -2.2526551037e-15 2.9924992091e-15 -7.8697124599e-16 1.6126697854e-01 -1.7839993804e-16 -1.9567855385e-15 -1.6263671794e-15 -3.1575143124e-03 -1.8984146688e-02 1.1706047573e-02 5.9065381754e-03 4.5543727847e-02 -1.7106491331e-02 -1.9148672078e-02 1.1235062859e-01 -1.4323453014e-01 -4.9329216664e-02 9.3869368466e-02 1.4290812765e-01
1.0512967480e-05 -3.3753414834e-05 -2.8433401083e-16 1.1895445718e-15 -9.4663029572e-16 1.4851631534e-04 8.4566354104e-16 -2.4185745938e-15 2.6664768061e-15 -2.2284591203e-04 -3.0500632948e-15 6.7817772823e-15 -6.3038996158e-15 5.8172587230e-04 3.4382713970e-15 -5.3953289184e-15 -4.7028122001e-15 2.7125407057e-03 -2.8819450588e-02 2.6048240564e-02 1.0672377462e-02 -1.7106346609e-02 2.5739002317e-02 -2.2839162031e-02 2.4055685371e-01 -2.1775482414e-01 -8.8367323602e-02 1.4290812765e-01 2.5701734295e-01
1.2069760037e+00 -5.5195143268e-01 2.3564383353e-15 -9.7205690811e-16 6.0046274862e-16 1.2178371619e+00 -4.2737764850e-16 5.0917525101e-16 6.2007089920e-17 -2.1474276946e-02 -7.5100560852e-16 -7.9615450665e-16 -2.1102341691e-17 6.2706577170e-02 -1.2300947970e-15 4.0765103105e-16 2.2145053553e-16 -2.9050028767e-01 -2.9013833283e-01 -2.9017794129e-01 -6.8306289169e-06 -2.4067428691e-04 -1.3401711173e-06 -1.6244732291e-02 -1.9133164277e-02 -1.8816939963e-02 5.4668650656e-05 1.9205043283e-03 1.0512967480e-05
-5.5195143268e-01 1.4926353204e+00 -1.0998051969e-15 6.4011177047e-16 2.6040976140e-16 -3.5340690282e+00 1.4643889703e-15 -1.5431161416e-15 -1.3258798016e-16 1.0047919362e-01 5.2782042716e-16 3.2312475146e-15 9.0905508521e-17 -1.7438270076e-01 3.3421864249e-15 -1.7226922722e-15 -6.7669570533e-16 8.1951231557e-01 8.1837621610e-01 8.1850040263e-01 2.1440192138e-05 7.5552729780e-04 4.2715586788e-06 4.1375380491e-02 5.0477928878e-02 4.9482611239e-02 -1.7222265713e-04 -6.0531487832e-03 -3.3753414834e-05
2.3564383353e-15 -1.0998051969e-15 1.2376026085e+00 3.0030792596e-07 2.4197354593e-05 -1.4299693087e-13 -5.6416318390e-01 -8.6922511444e-07 -6.9130596733e-05 -3.9049946034e-15 1.1925253729e-01 2.6372321152e-06 1.9889507416e-04 2.6463224594e-15 2.4209358427e-02 -2.0578943576e-06 -1.6521302972e-04 4.0995310651e-14 4.0483263685e-14 4.1165919626e-14 2.2320637118e-16 7.8836219205e-17 -8.2156530321e-17 -4.2673426206e-16 -2.7616854102e-16 7.0416745838e-16 -1.0937035559e-15 -3.7434454525e-16 -2.8433401083e-16
-9.7205690811e-16 6.4011177047e-16 3.0030792596e-07 1.2375304646e+00 5.0012725975e-07 5.6029825729e-14 -8.6911383338e-07 -5.6395705589e-01 -1.4188348077e-06 9.5673612519e-15 2.6335808859e-06 1.1865928428e-01 3.9598879487e-06 1.6142440540e-14 -2.0167846054e-06 2.4701914799e-02 -3.4107034246e-06 -1.6331926425e-14 -1.6373658262e-14 -1.6179351124e-14 3.1569831449e-16 2.9345226734e-16 -2.0331814127e-16 -5.8322911655e-15 -6.0888866449e-15 -6.7393194894e-15 -1.2041990661e-15 2.8659081270e-16 1.1895445718e-15
6.0046274862e-16 2.6040976140e-16 2.4197354593e-05 5.0012725975e-07 1.2375377246e+00 -5.5674843683e-14 -6.9130535121e-05 -1.4188725300e-06 -5.6397781586e-01 -2.8337836741e-15 1.9889337093e-04 3.9611248436e-06 1.1871924072e-01 -6.3078720962e-15 -1.6519771066e-04 -3.4246121262e-06 2.4652350344e-02 1.5624076708e-14 1.5462654409e-14 1.6069910171e-14 -1.5446192471e-16 -1.4113113487e-16 -6.6107370637e-17 1.9786253636e-15 2.7789209046e-15 1.5960000946e-15 1.3551156847e-16 -3.1209478925e-17 -9.4663029572e-16
1.2178371619e+00 -3.5340690282e+00 -1.4299693087e-13 5.6029825729e-14 -5.5674843683e-14 9.7332677606e+00 -8.4012645571e-15 3.0944085315e-16 3.8802071245e-15 -6.5780489389e-01 -3.8406105109e-16 -1.3491603637e-14 -4.0635649060e-16 5.5296638991e-01 -1.3906570299e-14 7.8263466628e-15 2.7101401064e-15 -1.9797798374e+00 -1.9749232673e+00 -1.9754551593e+00 -9.1926894938e-05 -3.2289799417e-03 -1.7603041503e-05 -8.7069310216e-02 -1.2778055620e-01 -1.2332357301e-01 7.7000901956e-04 2.7068757687e-02 1.4851631534e-04
-4.2737764850e-16 1.4643889703e-15 -5.6416318390e-01 -8.6911383338e-07 -6.9130535121e-05 -8.4012645571e-15 1.3436946469e+00 2.5148037949e-06 1.9749743646e-04 4.5679211177e-15 -3.4558062865e-01 -7.6270088640e-06 -5.6830760672e-04 -3.6751343736e-15 -6.3612350572e-02 6.0738821726e-06 4.7466883545e-04 1.5649120816e-15 1.3598785165e-15 2.0787677109e-15 -5.9187071383e-16 -1.5600095179e-16 -1.8301222778e-16 5.9072220498e-16 -5.5199487526e-17 -1.8651301023e-15 3.1674265865e-15 8.8556833732e-16 8.4566354104e-16
5.0917525101e-16 -1.5431161416e-15 -8.6922511444e-07 -5.6395705589e-01 -1.4188725300e-06 3.0944085315e-16 2.5148037949e-06 1.3431057172e+00 4.0252494929e-06 -1.6274928802e-14 -7.6176089093e-06 -3.4388537366e-01 -1.1232823151e-05 -2.7822181792e-14 5.9593605891e-06 -6.5027746996e-02 9.6547612627e-06 1.0175753581e-15 1.0366881598e-15 4.2838936618e-16 -8.6882475250e-16 -1.5548127413e-16 1.4713347028e-16 1.0332985010e-14 1.1039264008e-14 1.2268620653e-14 2.9025221911e-15 -1.0982515493e-15 -2.4185745938e-15
6.2007089920e-17 -1.3258798016e-16 -6.9130596733e-05 -1.4188348077e-06 -5.6397781586e-01 3.8802071245e-15 1.9749743646e-04 4.0252494929e-06 1.3431650786e+00 2.1662661305e-15 -5.6830328744e-04 -1.1236007354e-05 -3.4405684208e-01 8.6543398606e-15 4.7462623005e-04 9.6935074876e-06 -6.4885073099e-02 -1.0565368665e-15 -8.9834012062e-16 -1.2357682882e-15 5.8671663775e-17 -5.5557225178e-17 -3.1218969891e-16 -2.7727735503e-15 -4.4013897106e-15 -5.8425955024e-16 8.6321726974e-18 3.2731726275e-16 2.6664768061e-15
-2.1474276946e-02 1.0047919362e-01 -3.9049946034e-15 9.5673612519e-15 -2.8337836741e-15 -6.5780489389e-01 4.5679211177e-15 -1.6274928802e-14 2.1662661305e-15 1.5856602454e+00 2.0661284863e-15 2.9703981013e-14 -1.6628965891e-15 -9.1644643137e-02 1.2309135598e-14 -5.1883007527e-15 -4.1345037008e-15 6.5512663663e-02 5.9304302670e-02 5.9972834921e-02 1.1520457750e-04 4.1361421817e-03 2.9349975179e-05 -1.3565759477e-01 -8.8272097985e-02 -9.3371922530e-02 -8.8298370375e-04 -3.1571547138e-02 -2.2284591203e-04
-7.5100560852e-16 5.2782042716e-16 1.1925253729e-01 2.6335808859e-06 1.9889337093e-04 -3.8406105109e-16 -3.4558062865e-01 -7.6176089093e-06 -5.6830328744e-04 2.0661284863e-15 9.9939705859e-01 2.3092778142e-05 1.6337025454e-03 1.8038799720e-14 1.0707921798e-01 -1.8802852825e-05 -1.3174925523e-03 3.2919275009e-16 2.1032591080e-16 4.1524783743e-16 1.2808749077e-15 6.6686593960e-16 5.5015164755e-16 -5.1028073792e-15 -5.3663351389e-15 -4.6710890189e-16 -8.0449210458e-15 -2.2526551037e-15 -3.0500632948e-15
-7.9615450665e-16 3.2312475146e-15 2.6372321152e-06 1.1865928428e-01 3.9611248436e-06 -1.3491603637e-14 -7.6270088640e-06 -3.4388537366e-01 -1.1236007354e-05 2.9703981013e-14 2.3092778142e-05 9.9452191927e-01 3.1229845974e-05 4.3585233832e-14 -1.8519839455e-05 1.1101080658e-01 -2.5040396113e-05 1.6038504608e-15 1.6857874467e-15 2.5262070986e-15 1.0832270939e-15 -3.6563740852e-16 -8.5029962073e-16 -1.6654517227e-14 -1.8677158679e-14 -2.1882495121e-14 -7.0657715319e-15 2.9924992091e-15 6.7817772823e-15
-2.1102341691e-17 9.0905508521e-17 1.9889507416e-04 3.9598879487e-06 1.1871924072e-01 -4.0635649060e-16 -5.6830760672e-04 -1.1232823151e-05 -3.4405684208e-01 -1.6628965891e-15 1.6337025454e-03 3.1229845974e-05 9.9501683810e-01 -1.3665629291e-14 -1.3173887511e-03 -2.5136141752e-05 1.1061148625e-01 -7.8209769842e-17 -4.4601467572e-16 6.5303375334e-16 9.2450557235e-18 5.9032934582e-16 8.9943569943e-16 3.7880339041e-15 8.2910665277e-15 -1.5378316058e-15 -8.0325359568e-16 -7.8697124599e-16 -6.3038996158e-15
6.2706577170e-02 -1.7438270076e-01 2.6463224594e-15 1.6142440540e-14 -6.3078720962e-15 5.5296638991e-01 -3.6751343736e-15 -2.7822181792e-14 8.6543398606e-15 -9.1644643137e-02 1.8038799720e-14 4.3585233832e-14 -1.3665629291e-14 2.4826608285e+00 -2.6608205564e-14 2.1366932544e-14 8.8320703029e-15 -1.1552598917e-01 -8.7444453540e-02 -9.0595297887e-02 -5.3354705049e-04 -1.8614637795e-02 -6.4400076751e-05 -1.3596014471e-01 -3.7920101259e-01 -3.5194714435e-01 4.6107094921e-03 1.6126697854e-01 5.8172587230e-04
-1.2300947970e-15 3.3421864249e-15 2.4209358427e-02 -2.0167846054e-06 -1.6519771066e-04 -1.3906570299e-14 -6.3612350572e-02 5.9593605891e-06 4.7462623005e-04 1.2309135598e-14 1.0707921798e-01 -1.8519839455e-05 -1.3173887511e-03 -2.6608205564e-14 1.2052471693e-02 -4.2944181400e-06 -3.0791719740e-04 2.2770564009e-15 1.5765356479e-15 1.9578709627e-15 -1.6087205515e-16 -6.0944699045e-16 -7.2765039189e-16 -2.4842480707e-16 6.7015921570e-15 7.8043820120e-17 -2.2607293715e-15 -1.7839993804e-16 3.4382713970e-15
4.0765103105e-16 -1.7226922722e-15 -2.0578943576e-06 2.4701914799e-02 -3.4246121262e-06 7.8263466628e-15 6.0738821726e-06 -6.5027746996e-02 9.6935074876e-06 -5.1883007527e-15 -1.8802852825e-05 1.1101080658e-01 -2.5136141752e-05 2.1366932544e-14 -4.2944181400e-06 1.2971112884e-02 -5.9904633005e-06 -1.0371362688e-15 -1.7166026677e-16 -1.9406715116e-15 -6.3627566685e-16 5.0518281419e-17 7.2589142646e-16 -1.6002428348e-15 -9.9917366381e-15 9.2632859661e-16 1.3522300085e-15 -1.9567855385e-15 -5.3953289184e-15
2.2145053553e-16 -6.7669570533e-16 -1.6521302972e-04 -3.4107034246e-06 2.4652350344e-02 2.7101401064e-15 4.7466883545e-04 9.6547612627e-06 -6.4885073099e-02 -4.1345037008e-15 -1.3174925523e-03 -2.5040396113e-05 1.1061148625e-01 8.8320703029e-15 -3.0791719740e-04 -5.9904633005e-06 1.2878055055e-02 -2.7131262294e-16 1.9743741008e-16 -1.0179201945e-15 -1.8654819450e-16 -5.9784604008e-16 3.3655248328e-16 5.8201868370e-16 -4.1649065025e-15 2.0133321754e-15 1.3346087244e-15 -1.6263671794e-15 -4.7028122001e-15
-2.9050028767e-01 8.1951231557e-01 4.0995310651e-14 -1.6331926425e-14 1.5624076708e-14 -1.9797798374e+00 1.5649120816e-15 1.0175753581e-15 -1.0565368665e-15 6.5512663663e-02 3.2919275009e-16 1.6038504608e-15 -7.8209769842e-17 -1.1552598917e-01 2.2770564009e-15 -1.0371362688e-15 -2.7131262294e-16 8.4551006424e-01 2.5297400892e-01 2.5365737262e-01 1.2932659152e-04 3.5475228568e-04 -3.2482107044e-04 4.1839905637e-02 2.3522988198e-02 1.7798507107e-02 -1.0851230619e-03 -3.1575143124e-03 2.7125407057e-03
-2.9013833283e-01 8.1837621610e-01 4.0483263685e-14 -1.6373658262e-14 1.5462654409e-14 -1.9749232673e+00 1.3598785165e-15 1.0366881598e-15 -8.9834012062e-16 5.9304302670e-02 2.1032591080e-16 1.6857874467e-15 -4.4601467572e-16 -8.7444453540e-02 1.5765356479e-15 -1.7166026677e-16 1.9743741008e-16 2.5297400892e-01 8.4747974368e-01 2.4990005070e-01 -1.1895040582e-03 2.2595657157e-03 3.4499504114e-03 1.5677264563e-02 1.8137632659e-02 4.1501380653e-02 9.9307756476e-03 -1.8984146688e-02 -2.8819450588e-02
-2.9017794129e-01 8.1850040263e-01 4.1165919626e-14 -1.6179351124e-14 1.6069910171e-14 -1.9754551593e+00 2.0787677109e-15 4.2838936618e-16 -1.2357682882e-15 5.9972834921e-02 4.1524783743e-16 2.5262070986e-15 6.5303375334e-16 -9.0595297887e-02 1.9578709627e-15 -1.9406715116e-15 -1.0179201945e-15 2.5365737262e-01 2.4990005070e-01 8.4699197415e-01 1.0941390752e-03 -1.4256189451e-03 -3.1186341993e-03 1.0829110845e-02 4.2377443212e-02 2.3023247217e-02 -9.1424508876e-03 1.1706047573e-02 2.6048240564e-02
-6.8306289169e-06 2.1440192138e-05 2.2320637118e-16 3.1569831449e-16 -1.5446192471e-16 -9.1926894938e-05 -5.9187071383e-16 -8.6882475250e-16 5.8671663775e-17 1.1520457750e-04 1.2808749077e-15 1.0832270939e-15 9.2450557235e-18 -5.3354705049e-04 -1.6087205515e-16 -6.3627566685e-16 -1.8654819450e-16 1.2932659152e-04 -1.1895040582e-03 1.0941390752e-03 1.1832090862e+00 -7.0722039561e-04 -1.2888492521e-03 -9.3438022289e-04 1.0081522595e-02 -8.9918297213e-03 5.2758483771e-02 5.9065381754e-03 1.0672377462e-02
-2.4067428691e-04 7.5552729780e-04 7.8836219205e-17 2.9345226734e-16 -1.4113113487e-16 -3.2289799417e-03 -1.5600095179e-16 -1.5548127413e-16 -5.5557225178e-17 4.1361421817e-03 6.6686593960e-16 -3.6563740852e-16 5.9032934582e-16 -1.8614637795e-02 -6.0944699045e-16 5.0518281419e-17 -5.9784604008e-16 3.5475228568e-04 2.2595657157e-03 -1.4256189451e-03 -7.0722039561e-04 1.1840699863e+00 2.0476753426e-03 2.0462147122e-03 -1.3780173982e-02 1.6909736834e-02 5.9064317935e-03 4.5543727847e-02 -1.7106346609e-02
-1.3401711173e-06 4.2715586788e-06 -8.2156530321e-17 -2.0331814127e-16 -6.6107370637e-17 -1.7603041503e-05 -1.8301222778e-16 1.4713347028e-16 -3.1218969891e-16 2.9349975179e-05 5.5015164755e-16 -8.5029962073e-16 8.9943569943e-16 -6.4400076751e-05 -7.2765039189e-16 7.2589142646e-16 3.3655248328e-16 -3.2482107044e-04 3.4499504114e-03 -3.1186341993e-03 -1.2888492521e-03 2.0476753426e-03 1.1864737560e+00 2.7314211995e-03 -2.8800356737e-02 2.6067251952e-02 1.0672290460e-02 -1.7106491331e-02 2.5739002317e-02
-1.6244732291e-02 4.1375380491e-02 -4.2673426206e-16 -5.8322911655e-15 1.9786253636e-15 -8.7069310216e-02 5.9072220498e-16 1.0332985010e-14 -2.7727735503e-15 -1.3565759477e-01 -5.1028073792e-15 -1.6654517227e-14 3.7880339041e-15 -1.3596014471e-01 -2.4842480707e-16 -1.6002428348e-15 5.8201868370e-16 4.1839905637e-02 1.5677264563e-02 1.0829110845e-02 -9.3438022289e-04 2.0462147122e-03 2.7314211995e-03 2.4276577266e-02 8.8510630743e-03 4.8890348262e-02 7.7484933773e-03 -1.9148672078e-02 -2.2839162031e-02
-1.9133164277e-02 5.0477928878e-02 -2.7616854102e-16 -6.0888866449e-15 2.7789209046e-15 -1.2778055620e-01 -5.5199487526e-17 1.1039264008e-14 -4.4013897106e-15 -8.8272097985e-02 -5.3663351389e-15 -1.8677158679e-14 8.2910665277e-15 -3.7920101259e-01 6.7015921570e-15 -9.9917366381e-15 -4.1649065025e-15 2.3522988198e-02 1.8137632659e-02 4.2377443212e-02 1.0081522595e-02 -1.3780173982e-02 -2.8800356737e-02 8.8510630743e-03 2.9385749521e-01 -1.4494932275e-01 -8.4264796633e-02 1.1235062859e-01 2.4055685371e-01
-1.8816939963e-02 4.9482611239e-02 7.0416745838e-16 -6.7393194894e-15 1.5960000946e-15 -1.2332357301e-01 -1.8651301023e-15 1.2268620653e-14 -5.8425955024e-16 -9.3371922530e-02 -4.6710890189e-16 -2.1882495121e-14 -1.5378316058e-15 -3.5194714435e-01 7.8043820120e-17 9.2632859661e-16 2.0133321754e-15 1.7798507107e-02 4.1501380653e-02 2.3023247217e-02 -8.9918297213e-03 1.6909736834e-02 2.6067251952e-02 4.8890348262e-02 -1.4494932275e-01 2.4508427511e-01 7.5037859779e-02 -1.4323453014e-01 -2.1775482414e-01
5.4668650656e-05 -1.7222265713e-04 -1.0937035559e-15 -1.2041990661e-15 1.3551156847e-16 7.7000901956e-04 3.1674265865e-15 2.9025221911e-15 8.6321726974e-18 -8.8298370375e-04 -8.0449210458e-15 -7.0657715319e-15 -8.0325359568e-16 4.6107094921e-03 -2.2607293715e-15 1.3522300085e-15 1.3346087244e-15 -1.0851230619e-03 9.9307756476e-03 -9.1424508876e-03 5.2758483771e-02 5.9064317935e-03 1.0672290460e-02 7.7484933773e-03 -8.4264796633e-02 7.5037859779e-02 3.3409890700e-02 -4.9329216664e-02 -8.8367323602e-02
1.9205043283e-03 -6.0531487832e-03 -3.7434454525e-16 2.8659081270e-16 -3.1209478925e-17 2.7068757687e-02 8.8556833732e-16 -1.0982515493e-15 3.2731726275e-16 -3.1571547138e-02 -2.2526551037e-15 2.9924992091e-15 -7.8697124599e-16 1.6126697854e-01 -1.7839993804e-16 -1.9567855385e-15 -1.6263671794e-15 -3.1575143124e-03 -1.8984146688e-02 1.1706047573e-02 5.9065381754e-03 4.5543727847e-02 -1.7106491331e-02 -1.9148672078e-02 1.1235062859e-01 -1.4323453014e-01 -4.9329216664e-02 9.3869368466e-02 1.4290812765e-01
1.0512967480e-05 -3.3753414834e-05 -2.8433401083e-16 1.1895445718e-15 -9.4663029572e-16 1.4851631534e-04 8.4566354104e-16 -2.4185745938e-15 2.6664768061e-15 -2.2284591203e-04 -3.0500632948e-15 6.7817772823e-15 -6.3038996158e-15 5.8172587230e-04 3.4382713970e-15 -5.3953289184e-15 -4.7028122001e-15 2.7125407057e-03 -2.8819450588e-02 2.6048240564e-02 1.0672377462e-02 -1.7106346609e-02 2.5739002317e-02 -2.2839162031e-02 2.4055685371e-01 -2.1775482414e-01 -8.8367323602e-02 1.4290812765e-01 2.5701734295e-01
Se 19
1.1961995303e+00 -5.2246706515e-01 -6.3742459553e-16 -2.7101636369e-17 -5.3382781904e-16 1.0000503550e+00 9.7654534283e-17 7.9778716515e-17 -5.2759375617e-17 -1.7271725187e-02 -5.0471786740e-17 -1.2958327241e-16 1.5824415259e-17 -2.3963695652e-01 -2.3963857495e-01 -2.3963615792e-01 3.6039291981e-06 1.3092836981e-06 -2.0232081661e-06
-5.2246706515e-01 1.3972716545e+00 2.4562740155e-16 -9.4316574491e-17 -3.4734067162e-16 -2.7426038584e+00 -3.3091259971e-17 -1.9257359405e-17 8.5247592904e-17 6.3288011589e-02 2.3705237789e-16 5.2497136031e-16 5.6428673064e-17 6.3667679328e-01 6.3667683175e-01 6.3667677430e-01 -8.5664326036e-08 -3.1121284415e-08 4.8091056858e-08
-6.3742459553e-16 2.4562740155e-16 1.1558637795e+00 3.7336176573e-03 1.3563986596e-03 4.6953602555e-14 -4.3010189079e-01 -1.1511744873e-02 -4.1821409549e-03 5.2545621604e-16 4.9617668996e-02 4.0413859503e-02 1.4682088497e-02 -1.3435069298e-14 -1.3326582560e-14 -1.2863838486e-14 7.7801682806e-17 -1.7353026755e-16 -8.4243716982e-17
-2.7101636369e-17 -9.4316574491e-17 3.7336176573e-03 1.1525104450e+00 -2.0960139110e-03 -9.1218645634e-16 -1.1511744873e-02 -4.1976266093e-01 6.4625731950e-03 -6.8646908993e-17 4.0413859503e-02 1.3320114830e-02 -2.2687918124e-02 3.4547464610e-16 3.2431003514e-16 1.6456676066e-16 8.7660644254e-17 6.6956308580e-17 3.7238749225e-16
-5.3382781904e-16 -3.4734067162e-16 1.3563986596e-03 -2.0960139110e-03 1.1575184567e+00 5.9672888507e-14 -4.1821409549e-03 6.4625731950e-03 -4.3520370449e-01 6.6441805544e-16 1.4682088497e-02 -2.2687918124e-02 6.7528418769e-02 -1.6789316979e-14 -1.6805732896e-14 -1.6999407458e-14 -5.8546185526e-17 1.9949115812e-16 -8.1472193557e-17
1.0000503550e+00 -2.7426038584e+00 4.6953602555e-14 -9.1218645634e-16 5.9672888507e-14 6.2853413877e+00 -4.4051573729e-15 -1.7677628236e-15 -1.5960460974e-15 -3.0952703998e-01 -6.8470429986e-16 -1.5074149620e-15 -4.7984158899e-16 -1.2309782533e+00 -1.2308516390e+00 -1.2310407301e+00 -2.8194541132e-04 -1.0242890759e-04 1.5828120566e-04
9.7654534283e-17 -3.3091259971e-17 -4.3010189079e-01 -1.1511744873e-02 -4.1821409549e-03 -4.4051573729e-15 1.1880092026e+00 3.5493797752e-02 1.2894662527e-02 -1.8960569992e-16 -1.6656451306e-01 -1.2460677086e-01 -4.5268817669e-02 1.6494582270e-15 1.0324102678e-15 8.1445051016e-16 -7.5128569133e-17 4.3809943238e-16 3.8138675064e-16
7.9778716515e-17 -1.9257359405e-17 -1.1511744873e-02 -4.1976266093e-01 6.4625731950e-03 -1.7677628236e-15 3.5493797752e-02 1.1561305832e+00 -1.9925846905e-02 -1.2053233002e-16 -1.2460677086e-01 -5.4649415847e-02 6.9952938170e-02 3.9655790016e-16 6.2903631153e-16 4.6310306290e-16 -1.3812108075e-16 -3.7048059303e-16 -8.1153668560e-16
-5.2759375617e-17 8.5247592904e-17 -4.1821409549e-03 6.4625731950e-03 -4.3520370449e-01 -1.5960460974e-15 1.2894662527e-02 -1.9925846905e-02 1.2037394629e+00 -2.5604813538e-17 -4.5268817669e-02 6.9952938170e-02 -2.2178815961e-01 5.8759602271e-16 3.7247810435e-16 5.6749264095e-16 1.6449824573e-16 -4.0720049423e-16 -5.8366232809e-18
-1.7271725187e-02 6.3288011589e-02 5.2545621604e-16 -6.8646908993e-17 6.6441805544e-16 -3.0952703998e-01 -1.8960569992e-16 -1.2053233002e-16 -2.5604813538e-17 1.0416853461e+00 -4.5657336053e-16 6.9070803285e-16 2.6320431298e-16 2.4461879043e-02 2.4463209449e-02 2.4461222565e-02 -2.9625562329e-06 -1.0762771317e-06 1.6631480902e-06
-5.0471786740e-17 2.3705237789e-16 4.9617668996e-02 4.0413859503e-02 1.4682088497e-02 -6.8470429986e-16 -1.6656451306e-01 -1.2460677086e-01 -4.5268817669e-02 -4.5657336053e-16 7.6755606125e-01 4.3745240939e-01 1.5892357391e-01 8.7382861935e-17 2.7786800341e-16 3.3762077723e-16 -7.9811303706e-17 -1.0480136669e-15 -1.2523548811e-15
-1.2958327241e-16 5.2497136031e-16 4.0413859503e-02 1.3320114830e-02 -2.2687918124e-02 -1.5074149620e-15 -1.2460677086e-01 -5.4649415847e-02 6.9952938170e-02 6.9070803285e-16 4.3745240939e-01 3.7465984395e-01 -2.4558120826e-01 2.7536216857e-16 2.4652324941e-16 3.2233345419e-16 1.6097205272e-16 1.1906526964e-15 1.5048203907e-15
1.5824415259e-17 5.6428673064e-17 1.4682088497e-02 -2.2687918124e-02 6.7528418769e-02 -4.7984158899e-16 -4.5268817669e-02 6.9952938170e-02 -2.2178815961e-01 2.6320431298e-16 1.5892357391e-01 -2.4558120826e-01 9.6142768694e-01 4.4932501432e-17 1.4475769866e-16 3.1489794991e-17 2.7946437405e-17 5.3782940584e-16 6.1388732726e-16
-2.3963695652e-01 6.3667679328e-01 -1.3435069298e-14 3.4547464610e-16 -1.6789316979e-14 -1.2309782533e+00 1.6494582270e-15 3.9655790016e-16 5.8759602271e-16 2.4461879043e-02 8.7382861935e-17 2.7536216857e-16 4.4932501432e-17 6.8839684701e-01 9.1528814796e-02 9.1582276499e-02 7.9714413525e-05 2.8959720459e-05 -4.4750838193e-05
-2.3963857495e-01 6.3667683175e-01 -1.3326582560e-14 3.2431003514e-16 -1.6805732896e-14 -1.2308516390e+00 1.0324102678e-15 6.2903631153e-16 3.7247810435e-16 2.4463209449e-02 2.7786800341e-16 2.4652324941e-16 1.4475769866e-16 9.1528814796e-02 6.8832525173e-01 9.1546478871e-02 7.9714445019e-05 2.8959731900e-05 -4.4750855872e-05
-2.3963615792e-01 6.3667677430e-01 -1.2863838486e-14 1.6456676066e-16 -1.6999407458e-14 -1.2310407301e+00 8.1445051016e-16 4.6310306290e-16 5.6749264095e-16 2.4461222565e-02 3.3762077723e-16 3.2233345419e-16 3.1489794991e-17 9.1582276499e-02 9.1546478871e-02 6.8843217514e-01 7.9714397986e-05 2.8959714813e-05 -4.4750829468e-05
3.6039291981e-06 -8.5664326036e-08 7.7801682806e-17 8.7660644254e-17 -5.8546185526e-17 -2.8194541132e-04 -7.5128569133e-17 -1.3812108075e-16 1.6449824573e-16 -2.9625562329e-06 -7.9811303706e-17 1.6097205272e-16 2.7946437405e-17 7.9714413525e-05 7.9714445019e-05 7.9714397986e-05 1.1936620737e+00 -2.5477075769e-11 3.9369792728e-11
1.3092836981e-06 -3.1121284415e-08 -1.7353026755e-16 6.6956308580e-17 1.9949115812e-16 -1.0242890759e-04 4.3809943238e-16 -3.7048059303e-16 -4.0720049423e-16 -1.0762771317e-06 -1.0480136669e-15 1.1906526964e-15 5.3782940584e-16 2.8959720459e-05 2.8959731900e-05 2.8959714813e-05 -2.5477075769e-11 1.1936620738e+00 1.4302352031e-11
-2.0232081661e-06 4.8091056858e-08 -8.4243716982e-17 3.7238749225e-16 -8.1472193557e-17 1.5828120566e-04 3.8138675064e-16 -8.1153668560e-16 -5.8366232809e-18 1.6631480902e-06 -1.2523548811e-15 1.5048203907e-15 6.1388732726e-16 -4.4750838193e-05 -4.4750855872e-05 -4.4750829468e-05 3.9369792728e-11 1.4302352031e-11 1.1936620738e+00
1.1961995303e+00 -5.2246706515e-01 -6.3742459553e-16 -2.7101636369e-17 -5.3382781904e-16 1.0000503550e+00 9.7654534283e-17 7.9778716515e-17 -5.2759375617e-17 -1.7271725187e-02 -5.0471786740e-17 -1.2958327241e-16 1.5824415259e-17 -2.3963695652e-01 -2.3963857495e-01 -2.3963615792e-01 3.6039291981e-06 1.3092836981e-06 -2.0232081661e-06
-5.2246706515e-01 1.3972716545e+00 2.4562740155e-16 -9.4316574491e-17 -3.4734067162e-16 -2.7426038584e+00 -3.3091259971e-17 -1.9257359405e-17 8.5247592904e-17 6.3288011589e-02 2.3705237789e-16 5.2497136031e-16 5.6428673064e-17 6.3667679328e-01 6.3667683175e-01 6.3667677430e-01 -8.5664326036e-08 -3.1121284415e-08 4.8091056858e-08
-6.3742459553e-16 2.4562740155e-16 1.1558637795e+00 3.7336176573e-03 1.3563986596e-03 4.6953602555e-14 -4.3010189079e-01 -1.1511744873e-02 -4.1821409549e-03 5.2545621604e-16 4.9617668996e-02 4.0413859503e-02 1.4682088497e-02 -1.3435069298e-14 -1.3326582560e-14 -1.2863838486e-14 7.7801682806e-17 -1.7353026755e-16 -8.4243716982e-17
-2.7101636369e-17 -9.4316574491e-17 3.7336176573e-03 1.1525104450e+00 -2.0960139110e-03 -9.1218645634e-16 -1.1511744873e-02 -4.1976266093e-01 6.4625731950e-03 -6.8646908993e-17 4.0413859503e-02 1.3320114830e-02 -2.2687918124e-02 3.4547464610e-16 3.2431003514e-16 1.6456676066e-16 8.7660644254e-17 6.6956308580e-17 3.7238749225e-16
-5.3382781904e-16 -3.4734067162e-16 1.3563986596e-03 -2.0960139110e-03 1.1575184567e+00 5.9672888507e-14 -4.1821409549e-03 6.4625731950e-03 -4.3520370449e-01 6.6441805544e-16 1.4682088497e-02 -2.2687918124e-02 6.7528418769e-02 -1.6789316979e-14 -1.6805732896e-14 -1.6999407458e-14 -5.8546185526e-17 1.9949115812e-16 -8.1472193557e-17
1.0000503550e+00 -2.7426038584e+00 4.6953602555e-14 -9.1218645634e-16 5.9672888507e-14 6.2853413877e+00 -4.4051573729e-15 -1.7677628236e-15 -1.5960460974e-15 -3.0952703998e-01 -6.8470429986e-16 -1.5074149620e-15 -4.7984158899e-16 -1.2309782533e+00 -1.2308516390e+00 -1.2310407301e+00 -2.8194541132e-04 -1.0242890759e-04 1.5828120566e-04
9.7654534283e-17 -3.3091259971e-17 -4.3010189079e-01 -1.1511744873e-02 -4.1821409549e-03 -4.4051573729e-15 1.1880092026e+00 3.5493797752e-02 1.2894662527e-02 -1.8960569992e-16 -1.6656451306e-01 -1.2460677086e-01 -4.5268817669e-02 1.6494582270e-15 1.0324102678e-15 8.1445051016e-16 -7.5128569133e-17 4.3809943238e-16 3.8138675064e-16
7.9778716515e-17 -1.9257359405e-17 -1.1511744873e-02 -4.1976266093e-01 6.4625731950e-03 -1.7677628236e-15 3.5493797752e-02 1.1561305832e+00 -1.9925846905e-02 -1.2053233002e-16 -1.2460677086e-01 -5.4649415847e-02 6.9952938170e-02 3.9655790016e-16 6.2903631153e-16 4.6310306290e-16 -1.3812108075e-16 -3.7048059303e-16 -8.1153668560e-16
-5.2759375617e-17 8.5247592904e-17 -4.1821409549e-03 6.4625731950e-03 -4.3520370449e-01 -1.5960460974e-15 1.2894662527e-02 -1.9925846905e-02 1.2037394629e+00 -2.5604813538e-17 -4.5268817669e-02 6.9952938170e-02 -2.2178815961e-01 5.8759602271e-16 3.7247810435e-16 5.6749264095e-16 1.6449824573e-16 -4.0720049423e-16 -5.8366232809e-18
-1.7271725187e-02 6.3288011589e-02 5.2545621604e-16 -6.8646908993e-17 6.6441805544e-16 -3.0952703998e-01 -1.8960569992e-16 -1.2053233002e-16 -2.5604813538e-17 1.0416853461e+00 -4.5657336053e-16 6.9070803285e-16 2.6320431298e-16 2.4461879043e-02 2.4463209449e-02 2.4461222565e-02 -2.9625562329e-06 -1.0762771317e-06 1.6631480902e-06
